479.439	1.63578
481.021	1.635614
482.603	1.63545
484.185	1.635287
485.767	1.635126
487.349	1.634967
488.931	1.63481
490.513	1.634654
492.095	1.6345
493.677	1.634347
495.259	1.634196
496.841	1.634047
498.423	1.633899
500.005	1.633752
501.587	1.633607
503.169	1.633464
504.752	1.633322
506.334	1.633181
507.916	1.633042
509.498	1.632904
511.08	1.632767
512.662	1.632632
514.244	1.632498
515.826	1.632366
517.408	1.632235
518.99	1.632105
520.572	1.631976
522.154	1.631849
523.736	1.631722
525.318	1.631597
526.901	1.631474
528.483	1.631351
530.065	1.63123
531.647	1.631109
533.229	1.63099
534.811	1.630872
536.393	1.630755
537.975	1.630639
539.557	1.630525
541.139	1.630411
542.721	1.630298
544.303	1.630187
545.885	1.630076
547.467	1.629966
549.049	1.629858
550.631	1.62975
552.213	1.629644
553.794	1.629538
555.376	1.629434
556.958	1.62933
558.54	1.629227
560.122	1.629125
561.704	1.629024
563.286	1.628924
564.868	1.628825
566.449	1.628727
568.031	1.628629
569.613	1.628533
571.195	1.628437
572.776	1.628342
574.358	1.628248
575.94	1.628155
577.522	1.628062
579.103	1.62797
580.685	1.62788
582.267	1.627789
583.848	1.6277
585.43	1.627612
587.012	1.627524
588.593	1.627437
590.175	1.62735
591.756	1.627265
593.338	1.62718
594.919	1.627096
596.501	1.627012
598.082	1.62693
599.663	1.626847
601.245	1.626766
602.826	1.626685
604.407	1.626605
605.989	1.626526
607.57	1.626447
609.151	1.626369
610.733	1.626291
612.314	1.626215
613.895	1.626138
615.476	1.626063
617.057	1.625988
618.638	1.625913
620.219	1.625839
621.8	1.625766
623.381	1.625694
624.962	1.625621
626.543	1.62555
628.124	1.625479
629.705	1.625409
631.286	1.625339
632.867	1.62527
634.447	1.625201
636.028	1.625133
637.609	1.625065
639.189	1.624998
640.77	1.624931
642.351	1.624865
643.931	1.624799
645.512	1.624734
647.092	1.62467
648.672	1.624606
650.253	1.624542
651.833	1.624479
653.414	1.624416
654.994	1.624354
656.574	1.624292
658.154	1.624231
659.734	1.62417
661.315	1.62411
662.895	1.62405
664.475	1.62399
666.055	1.623931
667.635	1.623873
669.214	1.623815
670.794	1.623757
672.374	1.6237
673.954	1.623643
675.534	1.623586
677.113	1.62353
678.693	1.623475
680.273	1.623419
681.852	1.623365
683.432	1.62331
685.011	1.623256
686.59	1.623202
688.17	1.623149
689.749	1.623096
691.328	1.623044
692.907	1.622992
694.487	1.62294
696.066	1.622888
697.645	1.622837
699.224	1.622787
700.803	1.622736
702.381	1.622686
703.96	1.622637
705.539	1.622587
707.118	1.622538
708.696	1.62249
710.275	1.622441
711.854	1.622393
713.432	1.622346
715.01	1.622299
716.589	1.622252
718.167	1.622205
719.745	1.622159
721.324	1.622113
722.902	1.622067
724.48	1.622022
726.058	1.621976
727.636	1.621932
729.214	1.621887
730.792	1.621843
732.369	1.621799
733.947	1.621756
735.525	1.621712
737.102	1.621669
738.68	1.621627
740.257	1.621584
741.835	1.621542
743.412	1.6215
744.989	1.621459
746.566	1.621417
748.144	1.621376
749.721	1.621335
751.298	1.621295
752.875	1.621255
754.451	1.621215
756.028	1.621175
757.605	1.621135
759.182	1.621096
760.758	1.621057
762.335	1.621018
763.911	1.62098
765.488	1.620942
767.064	1.620904
768.64	1.620866
770.216	1.620829
771.792	1.620791
773.368	1.620754
774.944	1.620717
776.52	1.620681
778.096	1.620644
779.672	1.620608
781.247	1.620572
782.823	1.620537
784.398	1.620501
785.974	1.620466
787.549	1.620431
789.124	1.620396
790.7	1.620362
792.275	1.620327
793.85	1.620293
795.425	1.620259
797	1.620226
798.574	1.620192
800.149	1.620159
801.724	1.620126
803.298	1.620093
804.873	1.62006
806.447	1.620028
808.021	1.619995
809.596	1.619963
811.17	1.619931
812.744	1.6199
814.318	1.619868
815.891	1.619837
817.465	1.619805
819.039	1.619774
820.613	1.619744
822.186	1.619713
823.76	1.619683
825.333	1.619652
826.906	1.619622
828.479	1.619592
830.052	1.619563
831.625	1.619533
833.198	1.619504
834.771	1.619475
836.344	1.619445
837.916	1.619417
839.489	1.619388
841.061	1.619359
842.634	1.619331
844.206	1.619303
845.778	1.619275
847.35	1.619247
848.922	1.619219
850.494	1.619192
852.066	1.619164
853.638	1.619137
855.209	1.61911
856.781	1.619083
858.352	1.619056
859.923	1.61903
861.495	1.619003
863.066	1.618977
864.637	1.61895
866.208	1.618924
867.778	1.618899
869.349	1.618873
870.92	1.618847
872.49	1.618822
874.061	1.618796
875.631	1.618771
877.201	1.618746
878.771	1.618721
880.341	1.618697
881.911	1.618672
883.481	1.618647
885.05	1.618623
886.62	1.618599
888.189	1.618575
889.759	1.618551
891.328	1.618527
892.897	1.618503
894.466	1.61848
896.035	1.618456
897.604	1.618433
899.173	1.61841
900.741	1.618387
902.31	1.618364
903.878	1.618341
905.446	1.618318
907.014	1.618296
908.583	1.618273
910.151	1.618251
911.718	1.618229
913.286	1.618207
914.854	1.618185
916.421	1.618163
917.988	1.618141
919.556	1.618119
921.123	1.618098
922.69	1.618076
924.257	1.618055
925.823	1.618034
927.39	1.618013
928.957	1.617992
930.523	1.617971
932.089	1.61795
933.656	1.61793
935.222	1.617909
936.788	1.617889
938.354	1.617869
939.919	1.617848
941.485	1.617828
943.05	1.617808
944.616	1.617788
946.181	1.617769
947.746	1.617749
949.311	1.617729
950.876	1.61771
952.441	1.61769
954.005	1.617671
955.57	1.617652
957.134	1.617633
958.698	1.617614
960.262	1.617595
961.826	1.617576
963.39	1.617557
964.954	1.617539
966.517	1.61752
968.081	1.617502
969.644	1.617483
971.207	1.617465
972.771	1.617447
974.333	1.617429
975.896	1.617411
977.459	1.617393
979.021	1.617375
980.584	1.617357
982.146	1.61734
983.708	1.617322
985.27	1.617305
986.832	1.617288
988.394	1.61727
989.956	1.617253
991.517	1.617236
993.078	1.617219
994.64	1.617202
996.201	1.617185
997.762	1.617168
999.322	1.617152
1011.346	1.617026
