488.501	0.001
488.657	0.002
488.812	0.002
488.968	0.003
489.124	0.002
489.280	0.000
489.435	0.003
489.591	0.001
489.747	0.001
489.903	0.001
490.058	0.002
490.214	0.002
490.370	0.001
490.526	0.002
490.682	0.001
490.837	0.000
490.993	0.002
491.149	0.003
491.305	0.002
491.461	0.001
491.617	0.001
491.773	0.001
491.929	0.002
492.084	0.001
492.240	0.001
492.396	0.001
492.552	0.004
492.708	0.001
492.864	0.001
493.020	0.002
493.176	0.002
493.332	0.002
493.488	0.002
493.644	0.001
493.800	0.001
493.956	0.001
494.112	0.003
494.268	0.002
494.424	0.003
494.581	0.001
494.737	0.003
494.893	0.002
495.049	0.002
495.205	0.000
495.361	0.002
495.517	0.002
495.673	0.002
495.830	0.001
495.986	0.003
496.142	0.003
496.298	0.002
496.454	0.001
496.611	0.003
496.767	0.002
496.923	0.001
497.079	0.002
497.236	0.001
497.392	0.000
497.548	0.000
497.704	0.002
497.861	0.002
498.017	0.002
498.173	0.002
498.330	0.001
498.486	0.002
498.642	0.000
498.799	0.002
498.955	0.000
499.112	0.002
499.268	0.001
499.424	0.001
499.581	0.002
499.737	0.002
499.894	0.002
500.050	0.001
500.207	0.001
500.363	0.002
500.519	0.002
500.676	0.003
500.832	0.001
500.989	0.003
501.146	0.001
501.302	0.001
501.459	0.002
501.615	0.001
501.772	0.001
501.928	0.002
502.085	0.002
502.241	0.003
502.398	0.001
502.555	0.001
502.711	0.001
502.868	0.003
503.025	0.001
503.181	0.002
503.338	0.001
503.495	0.001
503.651	0.002
503.808	0.002
503.965	0.001
504.121	0.002
504.278	0.002
504.435	0.002
504.592	0.002
504.748	0.002
504.905	0.002
505.062	0.002
505.219	0.001
505.375	0.002
505.532	0.002
505.689	0.002
505.846	0.001
506.003	0.003
506.160	0.002
506.317	0.003
506.473	0.001
506.630	0.003
506.787	0.002
506.944	0.002
507.101	0.002
507.258	0.001
507.415	0.001
507.572	0.002
507.729	0.001
507.886	0.002
508.043	0.001
508.200	0.004
508.357	0.001
508.514	0.002
508.671	0.001
508.828	0.003
508.985	0.001
509.142	0.001
509.299	0.000
509.456	0.000
509.613	0.002
509.770	0.001
509.927	0.002
510.084	0.003
510.241	0.000
510.398	0.002
510.556	0.002
510.713	0.001
510.870	0.001
511.027	0.001
511.184	0.000
511.341	0.001
511.499	0.001
511.656	0.002
511.813	0.001
511.970	0.002
512.127	0.002
512.285	0.002
512.442	0.001
512.599	0.002
512.757	0.000
512.914	0.002
513.071	0.002
513.228	0.001
513.386	0.001
513.543	0.002
513.700	0.002
513.858	0.003
514.015	0.000
514.172	0.001
514.330	0.001
514.487	0.002
514.645	0.001
514.802	0.002
514.959	0.000
515.117	0.002
515.274	0.001
515.432	0.002
515.589	0.001
515.747	0.002
515.904	0.002
516.062	0.002
516.219	-0.000
516.377	0.003
516.534	0.000
516.692	0.002
516.849	0.001
517.007	0.003
517.164	0.002
517.322	0.002
517.479	-0.000
517.637	0.002
517.795	0.001
517.952	0.004
518.110	0.000
518.267	0.001
518.425	0.003
518.583	0.003
518.740	0.003
518.898	0.003
519.056	0.000
519.213	0.002
519.371	0.001
519.529	0.002
519.686	0.001
519.844	0.002
520.002	0.001
520.160	0.002
520.317	0.001
520.475	0.003
520.633	0.002
520.791	0.002
520.949	0.002
521.106	0.003
521.264	0.001
521.422	0.002
521.580	0.001
521.738	0.003
521.895	0.002
522.053	0.003
522.211	0.000
522.369	0.002
522.527	0.001
522.685	0.001
522.843	0.002
523.001	0.003
523.159	0.002
523.317	0.003
523.475	0.002
523.632	0.001
523.790	0.002
523.948	0.002
524.106	0.000
524.264	0.002
524.422	0.002
524.580	0.001
524.738	0.001
524.897	0.002
525.055	0.002
525.213	0.001
525.371	0.000
525.529	0.002
525.687	0.001
525.845	0.001
526.003	0.001
526.161	0.002
526.319	0.000
526.477	0.001
526.636	0.001
526.794	0.002
526.952	0.002
527.110	0.002
527.268	0.001
527.426	0.002
527.585	0.002
527.743	0.000
527.901	0.001
528.059	0.002
528.217	0.001
528.376	0.003
528.534	-0.000
528.692	0.001
528.851	0.000
529.009	0.001
529.167	0.001
529.325	0.002
529.484	0.001
529.642	0.002
529.800	0.000
529.959	0.001
530.117	0.002
530.275	0.002
530.434	0.000
530.592	0.002
530.751	0.002
530.909	0.002
531.067	0.002
531.226	0.002
531.384	0.002
531.543	0.002
531.701	0.002
531.860	0.002
532.018	0.003
532.177	0.001
532.335	0.001
532.494	0.001
532.652	0.001
532.811	0.002
532.969	0.001
533.128	0.002
533.286	0.003
533.445	0.002
533.603	0.001
533.762	0.002
533.920	0.002
534.079	0.003
534.238	0.002
534.396	0.003
534.555	0.001
534.714	0.002
534.872	0.003
535.031	0.002
535.189	0.002
535.348	0.003
535.507	0.001
535.666	0.001
535.824	0.002
535.983	0.002
536.142	0.000
536.300	0.004
536.459	0.003
536.618	0.003
536.777	0.002
536.935	0.002
537.094	0.002
537.253	0.003
537.412	0.000
537.570	0.002
537.729	0.001
537.888	0.002
538.047	0.001
538.206	0.003
538.365	0.002
538.523	0.002
538.682	0.002
538.841	0.001
539.000	0.001
539.159	0.001
539.318	0.002
539.477	0.001
539.636	0.001
539.795	0.005
539.954	0.004
540.113	0.003
540.272	0.000
540.430	0.001
540.589	0.002
540.748	0.002
540.907	0.002
541.066	0.002
541.225	0.001
541.385	0.001
541.544	0.002
541.703	0.001
541.862	0.002
542.021	0.002
542.180	0.001
542.339	0.004
542.498	0.001
542.657	0.001
542.816	0.001
542.975	0.002
543.134	0.001
543.294	0.002
543.453	0.001
543.612	0.001
543.771	0.002
543.930	0.003
544.089	0.001
544.249	0.002
544.408	0.002
544.567	0.001
544.726	0.002
544.885	0.002
545.045	0.000
545.204	0.003
545.363	0.001
545.522	0.003
545.682	0.001
545.841	0.003
546.000	0.001
546.160	0.001
546.319	0.001
546.478	0.002
546.638	0.002
546.797	0.004
546.956	0.001
547.116	0.002
547.275	0.002
547.434	0.002
547.594	0.001
547.753	0.002
547.912	0.002
548.072	0.001
548.231	0.002
548.391	0.002
548.550	0.002
548.710	0.003
548.869	0.002
549.029	0.002
549.188	0.001
549.348	0.002
549.507	0.001
549.667	0.003
549.826	0.001
549.986	0.002
550.145	0.001
550.305	0.003
550.464	0.001
550.624	0.001
550.783	0.002
550.943	0.002
551.102	0.002
551.262	0.002
551.422	0.001
551.581	0.001
551.741	0.001
551.901	0.001
552.060	0.001
552.220	0.001
552.379	0.001
552.539	0.000
552.699	0.001
552.858	0.002
553.018	0.001
553.178	0.002
553.338	0.003
553.497	0.002
553.657	0.001
553.817	0.002
553.977	0.002
554.136	0.004
554.296	0.002
554.456	0.001
554.616	0.000
554.775	0.002
554.935	0.001
555.095	0.001
555.255	0.001
555.415	0.001
555.574	0.002
555.734	0.002
555.894	0.001
556.054	0.002
556.214	-0.001
556.374	0.003
556.534	0.001
556.694	0.002
556.854	0.002
557.013	0.000
557.173	0.002
557.333	0.003
557.493	0.000
557.653	0.002
557.813	0.001
557.973	0.001
558.133	0.002
558.293	0.002
558.453	0.003
558.613	0.002
558.773	0.001
558.933	0.003
559.093	0.001
559.253	0.001
559.413	0.001
559.573	0.002
559.733	0.001
559.893	0.001
560.054	0.000
560.214	0.002
560.374	0.002
560.534	0.002
560.694	0.001
560.854	0.003
561.014	0.001
561.174	0.002
561.335	0.001
561.495	0.002
561.655	0.001
561.815	0.002
561.975	0.001
562.135	0.002
562.296	0.001
562.456	0.002
562.616	0.002
562.776	0.002
562.937	0.002
563.097	0.001
563.257	0.000
563.417	0.001
563.578	0.001
563.738	0.004
563.898	0.001
564.059	0.001
564.219	0.001
564.379	0.002
564.540	0.002
564.700	0.002
564.860	0.003
565.021	0.001
565.181	0.000
565.341	0.002
565.502	0.001
565.662	0.001
565.822	0.002
565.983	0.001
566.143	0.000
566.304	0.002
566.464	0.001
566.625	0.002
566.785	0.001
566.946	0.001
567.106	0.003
567.266	0.002
567.427	0.001
567.587	0.002
567.748	0.001
567.908	0.003
568.069	0.000
568.230	0.003
568.390	0.001
568.551	0.001
568.711	0.001
568.872	0.001
569.032	0.002
569.193	-0.000
569.354	0.001
569.514	0.003
569.675	0.001
569.835	0.003
569.996	0.001
570.157	0.003
570.317	0.002
570.478	0.001
570.639	0.001
570.799	0.002
570.960	0.001
571.121	0.002
571.281	0.002
571.442	0.003
571.603	0.002
571.763	0.001
571.924	0.000
572.085	0.003
572.246	0.002
572.406	0.002
572.567	0.002
572.728	0.002
572.889	0.002
573.049	0.001
573.210	0.001
573.371	0.001
573.532	0.002
573.693	0.003
573.854	0.002
574.014	0.003
574.175	0.001
574.336	0.002
574.497	0.002
574.658	0.001
574.819	0.002
574.980	0.001
575.141	0.001
575.301	0.002
575.462	0.001
575.623	0.002
575.784	0.003
575.945	0.000
576.106	0.001
576.267	0.003
576.428	0.000
576.589	0.001
576.750	0.002
576.911	0.001
577.072	0.001
577.233	0.003
577.394	0.002
577.555	0.003
577.716	-0.000
577.877	0.001
578.038	0.001
578.199	0.002
578.360	0.000
578.521	0.001
578.682	0.001
578.843	0.002
579.005	0.001
579.166	0.001
579.327	0.001
579.488	0.002
579.649	0.000
579.810	0.002
579.971	0.001
580.133	0.001
580.294	0.001
580.455	0.002
580.616	0.001
580.777	0.002
580.938	0.002
581.100	0.002
581.261	0.001
581.422	0.002
581.583	0.001
581.745	0.003
581.906	0.000
582.067	0.002
582.228	-0.000
582.390	0.001
582.551	0.001
582.712	0.001
582.874	0.002
583.035	0.001
583.196	0.002
583.357	0.002
583.519	0.002
583.680	0.001
583.841	0.000
584.003	0.002
584.164	0.000
584.326	0.003
584.487	0.000
584.648	0.001
584.810	0.001
584.971	0.002
585.133	0.002
585.294	0.003
585.455	0.001
585.617	0.002
585.778	0.001
585.940	0.002
586.101	0.002
586.263	0.002
586.424	0.000
586.586	0.002
586.747	0.001
586.909	0.002
587.070	0.000
587.232	0.002
587.393	0.002
587.555	0.002
587.716	0.001
587.878	0.001
588.039	0.001
588.201	0.001
588.363	0.002
588.524	0.001
588.686	0.001
588.847	0.001
589.009	0.000
589.171	0.002
589.332	0.002
589.494	0.002
589.656	0.001
589.817	0.002
589.979	0.000
590.141	0.002
590.302	0.003
590.464	0.002
590.626	0.001
590.787	0.002
590.949	0.001
591.111	0.001
591.272	0.001
591.434	0.002
591.596	0.000
591.758	0.001
591.919	0.001
592.081	0.003
592.243	0.002
592.405	0.001
592.566	0.002
592.728	0.002
592.890	0.001
593.052	0.002
593.214	0.002
593.376	0.003
593.537	0.001
593.699	0.001
593.861	0.000
594.023	0.001
594.185	0.001
594.347	0.002
594.509	0.002
594.670	0.001
594.832	0.001
594.994	0.000
595.156	0.001
595.318	0.002
595.480	0.001
595.642	0.003
595.804	0.002
595.966	0.003
596.128	0.000
596.290	0.003
596.452	0.002
596.614	0.002
596.776	0.003
596.938	0.002
597.100	0.001
597.262	0.001
597.424	0.001
597.586	0.002
597.748	0.001
597.910	0.002
598.072	0.000
598.234	0.001
598.396	0.000
598.558	0.000
598.720	0.001
598.882	0.001
599.045	0.002
599.207	0.001
599.369	0.003
599.531	0.001
599.693	0.002
599.855	0.003
600.017	0.002
600.180	0.002
600.342	0.001
600.504	0.003
600.666	0.001
600.828	0.002
600.990	0.001
601.153	0.000
601.315	0.001
601.477	0.001
601.639	0.001
601.802	0.002
601.964	0.001
602.126	0.003
602.288	0.001
602.451	0.002
602.613	0.001
602.775	0.003
602.938	0.002
603.100	0.002
603.262	0.003
603.424	0.003
603.587	0.001
603.749	0.001
603.911	0.002
604.074	0.002
604.236	0.001
604.399	0.002
604.561	0.001
604.723	0.002
604.886	0.002
605.048	0.001
605.210	0.002
605.373	0.003
605.535	0.002
605.698	0.002
605.860	0.002
606.023	0.002
606.185	0.002
606.347	0.001
606.510	0.002
606.672	0.002
606.835	0.001
606.997	0.002
607.160	0.000
607.322	0.002
607.485	0.001
607.647	0.002
607.810	0.002
607.972	0.002
608.135	0.001
608.298	0.001
608.460	0.001
608.623	0.002
608.785	0.001
608.948	0.002
609.110	0.002
609.273	0.002
609.436	0.002
609.598	0.002
609.761	0.000
609.923	0.002
610.086	0.002
610.249	0.001
610.411	0.001
610.574	0.002
610.737	0.001
610.899	0.003
611.062	0.002
611.225	0.002
611.387	0.001
611.550	0.004
611.713	0.001
611.876	0.001
612.038	0.002
612.201	0.001
612.364	0.002
612.526	0.001
612.689	0.002
612.852	0.002
613.015	0.000
613.178	0.002
613.340	0.001
613.503	0.002
613.666	0.002
613.829	0.003
613.992	0.001
614.154	0.003
614.317	0.001
614.480	0.002
614.643	0.001
614.806	0.002
614.969	0.003
615.131	0.002
615.294	0.003
615.457	0.002
615.620	0.002
615.783	0.004
615.946	0.002
616.109	0.001
616.272	0.001
616.435	0.000
616.598	0.002
616.761	0.003
616.923	0.002
617.086	0.001
617.249	0.002
617.412	0.002
617.575	0.001
617.738	0.002
617.901	0.002
618.064	0.002
618.227	0.002
618.390	0.003
618.553	0.002
618.716	0.002
618.879	0.001
619.042	0.002
619.205	0.002
619.369	0.002
619.532	0.001
619.695	0.003
619.858	0.001
620.021	0.001
620.184	0.001
620.347	0.001
620.510	0.001
620.673	0.002
620.836	0.003
621.000	0.002
621.163	0.001
621.326	0.001
621.489	0.001
621.652	0.002
621.815	0.000
621.978	0.001
622.142	0.001
622.305	0.002
622.468	0.001
622.631	0.006
622.794	0.002
622.958	0.002
623.121	0.002
623.284	0.002
623.447	0.002
623.611	0.003
623.774	0.002
623.937	0.002
624.100	0.002
624.264	0.002
624.427	0.001
624.590	0.002
624.754	0.002
624.917	0.001
625.080	0.002
625.244	0.001
625.407	0.002
625.570	-0.000
625.734	0.001
625.897	0.002
626.060	0.001
626.224	0.002
626.387	0.001
626.550	0.001
626.714	0.001
626.877	0.001
627.041	0.002
627.204	0.002
627.367	0.002
627.531	0.002
627.694	0.002
627.858	0.001
628.021	0.001
628.185	0.001
628.348	0.001
628.511	0.003
628.675	0.001
628.838	0.001
629.002	0.002
629.165	0.002
629.329	0.001
629.492	0.001
629.656	0.002
629.819	0.002
629.983	0.002
630.147	0.003
630.310	0.002
630.474	0.003
630.637	0.003
630.801	0.002
630.964	0.001
631.128	0.002
631.291	0.002
631.455	0.001
631.619	0.002
631.782	0.001
631.946	0.002
632.110	0.002
632.273	0.001
632.437	0.002
632.600	0.001
632.764	0.002
632.928	0.000
633.091	0.001
633.255	0.001
633.419	0.003
633.582	0.001
633.746	0.002
633.910	0.001
634.074	0.000
634.237	0.002
634.401	0.003
634.565	-0.000
634.728	0.001
634.892	0.001
635.056	0.002
635.220	0.002
635.383	0.001
635.547	0.001
635.711	0.003
635.875	0.002
636.039	0.002
636.202	0.002
636.366	0.002
636.530	0.002
636.694	0.002
636.858	0.002
637.021	0.002
637.185	0.001
637.349	0.002
637.513	0.003
637.677	0.001
637.841	-0.000
638.005	0.002
638.168	0.001
638.332	0.002
638.496	0.001
638.660	0.002
638.824	0.002
638.988	0.002
639.152	0.001
639.316	0.002
639.480	0.000
639.644	0.002
639.808	0.002
639.972	0.002
640.135	0.001
640.299	0.001
640.463	0.001
640.627	0.001
640.791	0.001
640.955	0.002
641.119	0.000
641.283	0.002
641.447	0.001
641.611	0.002
641.775	0.001
641.940	0.002
642.104	0.001
642.268	0.002
642.432	0.002
642.596	0.003
642.760	0.001
642.924	0.008
643.088	0.000
643.252	0.001
643.416	0.002
643.580	0.001
643.744	0.002
643.908	0.001
644.073	-0.000
644.237	0.001
644.401	0.001
644.565	0.004
644.729	-0.000
644.893	0.001
645.058	0.002
645.222	0.002
645.386	0.001
645.550	0.002
645.714	0.002
645.878	0.002
646.043	0.002
646.207	0.002
646.371	0.003
646.535	0.002
646.700	0.001
646.864	0.001
647.028	0.001
647.192	0.001
647.357	0.001
647.521	0.000
647.685	0.003
647.849	0.002
648.014	0.001
648.178	0.001
648.342	0.001
648.507	0.001
648.671	0.002
648.835	0.001
649.000	0.001
649.164	0.002
649.328	0.002
649.493	0.003
649.657	0.003
649.821	0.002
649.986	0.001
650.150	0.001
650.314	0.002
650.479	0.000
650.643	0.001
650.808	0.003
650.972	0.002
651.136	0.001
651.301	0.002
651.465	0.001
651.630	0.001
651.794	0.000
651.959	0.001
652.123	0.002
652.287	0.002
652.452	0.001
652.616	0.002
652.781	0.001
652.945	0.001
653.110	0.001
653.274	0.001
653.439	0.001
653.603	0.001
653.768	0.001
653.932	0.001
654.097	0.003
654.261	0.003
654.426	0.002
654.591	0.002
654.755	0.002
654.920	0.002
655.084	0.001
655.249	0.001
655.413	0.001
655.578	0.002
655.743	0.002
655.907	0.002
656.072	0.001
656.236	0.001
656.401	0.001
656.566	0.002
656.730	0.002
656.895	0.003
657.060	0.001
657.224	0.002
657.389	0.002
657.554	0.002
657.718	0.001
657.883	0.002
658.048	0.002
658.212	0.003
658.377	0.002
658.542	0.002
658.706	0.001
658.871	0.001
659.036	0.001
659.201	0.002
659.365	0.002
659.530	0.003
659.695	0.002
659.860	0.002
660.024	0.002
660.189	0.002
660.354	0.001
660.519	0.002
660.683	0.002
660.848	0.001
661.013	0.002
661.178	0.002
661.343	0.001
661.507	0.002
661.672	0.001
661.837	0.001
662.002	0.002
662.167	0.001
662.332	0.004
662.496	0.003
662.661	0.001
662.826	0.001
662.991	0.002
663.156	0.003
663.321	0.002
663.486	0.001
663.651	0.001
663.816	0.001
663.980	0.001
664.145	0.001
664.310	0.001
664.475	0.001
664.640	0.001
664.805	0.001
664.970	0.001
665.135	0.001
665.300	0.001
665.465	0.002
665.630	0.001
665.795	0.002
665.960	0.001
666.125	0.001
666.290	0.001
666.455	0.002
666.620	0.001
666.785	0.001
666.950	0.001
667.115	0.002
667.280	0.001
667.445	0.001
667.610	0.001
667.775	0.001
667.940	0.001
668.105	0.001
668.270	0.001
668.436	0.001
668.601	0.002
668.766	0.002
668.931	0.002
669.096	0.001
669.261	0.001
669.426	0.002
669.591	0.002
669.756	0.001
669.922	0.002
670.087	0.001
670.252	0.001
670.417	0.001
670.582	0.001
670.747	0.001
670.912	0.001
671.078	0.002
671.243	0.002
671.408	0.001
671.573	0.001
671.738	0.001
671.904	0.001
672.069	0.001
672.234	0.001
672.399	0.002
672.565	0.003
672.730	0.002
672.895	0.001
673.060	0.002
673.226	0.002
673.391	0.003
673.556	0.001
673.721	0.002
673.887	0.001
674.052	0.000
674.217	0.002
674.383	0.002
674.548	0.001
674.713	0.001
674.878	0.000
675.044	0.001
675.209	0.001
675.374	0.002
675.540	0.002
675.705	0.002
675.871	0.001
676.036	0.002
676.201	0.002
676.367	0.001
676.532	0.001
676.697	0.002
676.863	0.002
677.028	0.001
677.194	0.002
677.359	0.000
677.524	0.001
677.690	0.001
677.855	0.001
678.021	0.002
678.186	0.002
678.352	0.002
678.517	0.002
678.682	0.003
678.848	0.003
679.013	0.001
679.179	0.001
679.344	0.002
679.510	0.001
679.675	0.002
679.841	0.000
680.006	0.001
680.172	0.002
680.337	0.002
680.503	0.002
680.668	0.002
680.834	0.000
680.999	0.001
681.165	0.001
681.331	0.001
681.496	0.001
681.662	0.001
681.827	0.001
681.993	0.001
682.158	0.001
682.324	0.002
682.490	0.001
682.655	0.003
682.821	0.003
682.986	0.002
683.152	0.001
683.318	0.002
683.483	0.003
683.649	0.001
683.815	0.001
683.980	0.003
684.146	0.003
684.311	0.002
684.477	0.001
684.643	0.001
684.808	0.001
684.974	0.001
685.140	0.002
685.306	0.001
685.471	0.001
685.637	0.002
685.803	0.001
685.968	0.002
686.134	0.001
686.300	0.002
686.466	0.003
686.631	0.002
686.797	0.003
686.963	0.001
687.128	0.001
687.294	0.003
687.460	0.002
687.626	0.002
687.792	0.002
687.957	0.001
688.123	0.002
688.289	0.001
688.455	0.002
688.621	0.002
688.786	0.002
688.952	0.002
689.118	0.000
689.284	0.001
689.450	0.002
689.615	0.002
689.781	0.002
689.947	0.002
690.113	0.002
690.279	0.001
690.445	0.003
690.611	0.002
690.777	0.003
690.942	0.001
691.108	0.002
691.274	0.002
691.440	0.003
691.606	0.002
691.772	0.001
691.938	0.001
692.104	0.000
692.270	0.001
692.436	0.003
692.602	0.002
692.767	0.002
692.933	0.003
693.099	0.001
693.265	0.001
693.431	0.001
693.597	0.003
693.763	0.001
693.929	0.002
694.095	0.002
694.261	0.001
694.427	0.003
694.593	0.001
694.759	0.002
694.925	0.001
695.091	0.001
695.257	0.002
695.423	0.002
695.589	0.001
695.755	0.000
695.921	0.001
696.088	0.001
696.254	0.001
696.420	0.001
696.586	0.001
696.752	0.002
696.918	0.001
697.084	0.001
697.250	0.002
697.416	0.001
697.582	0.002
697.748	0.001
697.915	0.001
698.081	0.002
698.247	0.001
698.413	0.002
698.579	0.001
698.745	0.001
698.911	0.002
699.077	0.002
699.244	0.002
699.410	0.002
699.576	0.001
699.742	0.001
699.908	0.001
700.075	0.002
700.241	0.003
700.407	0.002
700.573	0.002
700.739	0.002
700.906	0.000
701.072	0.002
701.238	0.001
701.404	0.003
701.570	0.001
701.737	0.002
701.903	0.002
702.069	0.002
702.235	0.002
702.402	0.002
702.568	0.001
702.734	0.002
702.901	0.001
703.067	0.002
703.233	0.002
703.399	0.002
703.566	0.001
703.732	0.003
703.898	0.001
704.065	0.002
704.231	0.002
704.397	0.004
704.564	0.001
704.730	0.003
704.896	0.001
705.063	0.001
705.229	0.002
705.395	0.001
705.562	0.001
705.728	0.002
705.894	0.001
706.061	0.003
706.227	0.003
706.394	0.001
706.560	0.002
706.726	0.001
706.893	0.001
707.059	0.001
707.226	0.002
707.392	0.001
707.558	0.002
707.725	0.002
707.891	0.002
708.058	0.003
708.224	0.001
708.391	0.003
708.557	0.001
708.724	0.002
708.890	0.001
709.057	0.002
709.223	0.001
709.389	0.002
709.556	0.002
709.722	0.002
709.889	0.002
710.055	0.001
710.222	0.001
710.389	0.003
710.555	0.001
710.722	0.002
710.888	0.002
711.055	0.001
711.221	0.001
711.388	0.002
711.554	0.001
711.721	0.002
711.887	0.001
712.054	0.001
712.220	0.001
712.387	0.002
712.554	0.001
712.720	0.002
712.887	0.001
713.053	0.002
713.220	0.001
713.387	0.002
713.553	0.001
713.720	0.002
713.886	0.001
714.053	0.001
714.220	0.001
714.386	0.001
714.553	0.002
714.720	0.001
714.886	0.002
715.053	0.001
715.220	0.001
715.386	0.001
715.553	0.001
715.720	0.001
715.886	0.002
716.053	0.003
716.220	0.001
716.386	0.002
716.553	0.001
716.720	0.001
716.887	0.001
717.053	0.001
717.220	0.000
717.387	0.001
717.553	0.001
717.720	0.001
717.887	0.001
718.054	0.002
718.220	0.002
718.387	0.002
718.554	0.002
718.721	0.003
718.887	0.001
719.054	0.002
719.221	0.002
719.388	0.002
719.555	0.000
719.721	0.002
719.888	0.001
720.055	0.002
720.222	0.002
720.389	0.002
720.555	0.001
720.722	0.001
720.889	0.001
721.056	0.002
721.223	0.002
721.390	0.002
721.556	0.000
721.723	0.003
721.890	0.001
722.057	0.002
722.224	0.001
722.391	0.002
722.558	0.001
722.725	0.002
722.891	0.001
723.058	0.002
723.225	0.002
723.392	0.002
723.559	0.001
723.726	0.001
723.893	0.001
724.060	0.002
724.227	0.001
724.394	0.003
724.561	0.002
724.728	0.002
724.895	0.002
725.061	0.001
725.228	0.001
725.395	0.001
725.562	0.001
725.729	0.003
725.896	0.001
726.063	0.003
726.230	0.001
726.397	0.002
726.564	0.002
726.731	0.003
726.898	-0.000
727.065	0.001
727.232	0.001
727.399	0.002
727.566	0.002
727.733	0.002
727.900	0.001
728.067	0.002
728.234	0.001
728.402	0.002
728.569	0.001
728.736	0.001
728.903	0.001
729.070	0.002
729.237	0.001
729.404	0.002
729.571	0.001
729.738	0.003
729.905	0.001
730.072	0.003
730.239	0.002
730.406	0.003
730.574	0.001
730.741	0.003
730.908	-0.000
731.075	0.001
731.242	0.001
731.409	0.002
731.576	0.001
731.743	0.001
731.911	0.002
732.078	0.001
732.245	0.000
732.412	0.001
732.579	0.003
732.746	0.001
732.914	0.002
733.081	0.001
733.248	0.001
733.415	0.001
733.582	0.001
733.749	0.001
733.917	0.001
734.084	0.002
734.251	0.002
734.418	0.001
734.586	0.002
734.753	0.001
734.920	0.002
735.087	0.001
735.254	0.001
735.422	0.001
735.589	-0.001
735.756	0.001
735.923	0.000
736.091	0.000
736.258	0.002
736.425	0.002
736.593	0.002
736.760	0.002
736.927	0.002
737.094	0.001
737.262	0.002
737.429	0.001
737.596	0.002
737.764	0.002
737.931	0.003
738.098	0.002
738.266	0.002
738.433	0.001
738.600	0.001
738.767	0.002
738.935	0.001
739.102	0.002
739.270	0.001
739.437	0.002
739.604	0.001
739.772	0.002
739.939	0.002
740.106	0.002
740.274	0.001
740.441	0.002
740.608	0.003
740.776	0.003
740.943	0.003
741.111	0.002
741.278	0.002
741.445	0.000
741.613	0.001
741.780	0.001
741.948	0.001
742.115	0.001
742.282	0.002
742.450	0.001
742.617	0.002
742.785	0.001
742.952	0.002
743.120	0.000
743.287	0.002
743.455	0.001
743.622	0.002
743.790	0.002
743.957	0.000
744.124	0.002
744.292	0.003
744.459	0.002
744.627	0.002
744.794	0.000
744.962	0.001
745.129	0.000
745.297	0.001
745.464	0.002
745.632	0.002
745.799	0.002
745.967	0.002
746.134	0.001
746.302	0.002
746.470	0.001
746.637	0.001
746.805	0.001
746.972	0.002
747.140	0.001
747.307	0.001
747.475	0.001
747.642	0.002
747.810	0.002
747.978	0.002
748.145	0.002
748.313	0.002
748.480	0.002
748.648	0.002
748.815	0.002
748.983	0.002
749.151	0.001
749.318	0.002
749.486	0.001
749.654	0.002
749.821	0.001
749.989	0.002
750.156	0.001
750.324	0.002
750.492	0.002
750.659	0.003
750.827	0.002
750.995	0.002
751.162	0.001
751.330	0.001
751.498	0.001
751.665	0.001
751.833	0.001
752.001	0.002
752.168	0.001
752.336	0.002
752.504	0.002
752.671	0.001
752.839	0.001
753.007	0.002
753.174	0.001
753.342	0.002
753.510	0.001
753.678	0.002
753.845	0.001
754.013	0.003
754.181	0.001
754.348	0.002
754.516	0.001
754.684	0.001
754.852	0.001
755.019	0.001
755.187	0.001
755.355	0.003
755.523	0.001
755.690	0.002
755.858	0.002
756.026	0.001
756.194	0.001
756.362	0.002
756.529	0.002
756.697	0.003
756.865	0.002
757.033	0.002
757.200	0.001
757.368	0.002
757.536	0.002
757.704	0.002
757.872	0.002
758.040	0.002
758.207	0.002
758.375	0.002
758.543	0.001
758.711	0.002
758.879	0.002
759.047	0.002
759.214	0.002
759.382	0.003
759.550	0.001
759.718	0.002
759.886	0.001
760.054	0.001
760.222	0.001
760.389	0.002
760.557	0.001
760.725	0.003
760.893	0.001
761.061	0.002
761.229	0.001
761.397	0.002
761.565	0.001
761.733	0.003
761.900	0.002
762.068	0.002
762.236	0.002
762.404	0.003
762.572	0.001
762.740	0.002
762.908	0.002
763.076	0.003
763.244	0.001
763.412	0.002
763.580	0.001
763.748	0.002
763.916	0.001
764.084	0.002
764.252	0.002
764.420	0.002
764.588	0.001
764.756	0.002
764.924	0.002
765.092	0.002
765.260	0.001
765.428	0.002
765.596	0.001
765.764	0.003
765.932	0.001
766.100	0.003
766.268	0.002
766.436	0.002
766.604	0.001
766.772	0.002
766.940	0.001
767.108	0.002
767.276	0.002
767.444	0.002
767.612	0.002
767.780	0.002
767.948	0.001
768.116	0.002
768.284	0.001
768.452	0.002
768.620	0.001
768.788	0.002
768.956	-0.000
769.124	0.002
769.292	0.001
769.461	0.002
769.629	0.002
769.797	0.002
769.965	0.002
770.133	0.002
770.301	0.002
770.469	0.003
770.637	0.002
770.805	0.003
770.973	0.003
771.142	0.002
771.310	0.001
771.478	0.002
771.646	0.002
771.814	0.002
771.982	0.001
772.150	0.002
772.318	0.000
772.487	0.002
772.655	0.001
772.823	0.003
772.991	0.001
773.159	0.002
773.327	0.001
773.496	0.002
773.664	0.002
773.832	0.002
774.000	0.002
774.168	0.001
774.337	0.000
774.505	0.001
774.673	0.001
774.841	0.002
775.009	0.002
775.178	0.002
775.346	0.003
775.514	0.002
775.682	0.003
775.850	0.002
776.019	0.003
776.187	0.002
776.355	0.002
776.523	0.001
776.692	0.002
776.860	0.001
777.028	0.006
777.196	0.001
777.365	0.005
777.533	0.001
777.701	0.001
777.869	0.001
778.038	0.002
778.206	0.000
778.374	0.002
778.542	0.002
778.711	0.002
778.879	0.001
779.047	0.002
779.216	0.001
779.384	0.001
779.552	0.000
779.721	0.001
779.889	0.002
780.057	0.003
780.225	0.002
780.394	0.001
780.562	0.001
780.730	0.002
780.899	0.002
781.067	0.001
781.235	0.001
781.404	0.001
781.572	0.001
781.740	0.003
781.909	0.002
782.077	0.002
782.246	0.001
782.414	0.002
782.582	0.001
782.751	0.002
782.919	0.001
783.087	0.002
783.256	0.001
783.424	0.002
783.592	0.001
783.761	0.002
783.929	0.002
784.098	0.003
784.266	0.001
784.434	0.003
784.603	0.001
784.771	0.001
784.940	0.001
785.108	0.001
785.277	0.002
785.445	0.002
785.613	0.002
785.782	0.002
785.950	0.002
786.119	0.002
786.287	0.001
786.456	0.003
786.624	0.001
786.792	0.002
786.961	0.003
787.129	0.003
787.298	0.002
787.466	0.001
787.635	0.001
787.803	0.003
787.972	0.001
788.140	0.002
788.309	0.002
788.477	0.002
788.646	0.002
788.814	0.002
788.983	0.001
789.151	0.003
789.320	0.001
789.488	0.002
789.657	0.001
789.825	0.002
789.994	0.001
790.162	0.001
790.331	0.002
790.499	0.001
790.668	0.002
790.836	0.003
791.005	0.001
791.173	0.003
791.342	0.002
791.510	0.003
791.679	0.001
791.847	0.002
792.016	0.001
792.184	0.001
792.353	0.002
792.522	0.002
792.690	0.002
792.859	0.002
793.027	0.002
793.196	0.002
793.364	0.002
793.533	0.002
793.702	0.001
793.870	0.002
794.039	0.002
794.207	0.002
794.376	0.002
794.545	0.001
794.713	0.002
794.882	0.001
795.050	0.001
795.219	0.001
795.388	0.002
795.556	0.003
795.725	0.002
795.893	0.002
796.062	0.002
796.231	0.001
796.399	0.001
796.568	0.001
796.737	0.002
796.905	0.001
797.074	0.002
797.243	0.002
797.411	0.002
797.580	0.002
797.748	0.002
797.917	0.002
798.086	0.002
798.254	0.002
798.423	0.002
798.592	0.002
798.760	0.002
798.929	0.002
799.098	0.002
799.267	0.002
799.435	0.002
799.604	0.001
799.773	0.002
799.941	0.002
800.110	0.002
800.279	0.002
800.447	0.004
800.616	0.001
800.785	0.002
800.954	0.001
801.122	0.002
801.291	0.002
801.460	0.001
801.628	0.002
801.797	0.001
801.966	0.001
802.135	0.001
802.303	0.002
802.472	0.004
802.641	0.003
802.810	0.003
802.978	0.002
803.147	0.002
803.316	0.002
803.485	0.001
803.653	0.003
803.822	0.001
803.991	0.001
804.160	0.002
804.328	0.001
804.497	0.002
804.666	0.002
804.835	0.001
805.004	0.002
805.172	0.001
805.341	0.002
805.510	0.000
805.679	0.002
805.848	0.001
806.016	0.002
806.185	0.001
806.354	0.003
806.523	0.001
806.692	0.002
806.860	0.001
807.029	0.001
807.198	0.002
807.367	0.002
807.536	0.002
807.704	0.002
807.873	0.001
808.042	0.002
808.211	0.002
808.380	0.001
808.549	0.001
808.718	0.002
808.886	0.002
809.055	0.003
809.224	0.002
809.393	0.003
809.562	0.002
809.731	0.001
809.900	0.001
810.068	0.002
810.237	0.002
810.406	0.002
810.575	0.002
810.744	0.004
810.913	0.002
811.082	0.002
811.251	0.001
811.419	0.003
811.588	0.001
811.757	0.003
811.926	0.001
812.095	0.003
812.264	0.001
812.433	0.001
812.602	0.001
812.771	0.001
812.940	0.002
813.108	0.003
813.277	0.001
813.446	0.002
813.615	0.001
813.784	0.002
813.953	0.001
814.122	0.002
814.291	0.001
814.460	0.003
814.629	0.001
814.798	0.001
814.967	0.001
815.136	0.002
815.305	0.001
815.474	0.004
815.643	0.001
815.812	0.002
815.981	0.002
816.149	0.002
816.318	0.001
816.487	0.003
816.656	0.002
816.825	0.003
816.994	0.002
817.163	0.003
817.332	0.002
817.501	0.002
817.670	0.001
817.839	0.002
818.008	0.001
818.177	0.002
818.346	0.001
818.515	0.001
818.684	0.001
818.853	0.001
819.022	0.002
819.191	0.001
819.360	0.002
819.529	0.001
819.698	0.002
819.867	0.002
820.036	0.001
820.205	0.002
820.374	0.001
820.544	0.002
820.713	0.001
820.882	0.002
821.051	0.001
821.220	0.002
821.389	0.002
821.558	0.001
821.727	0.002
821.896	0.002
822.065	0.001
822.234	0.001
822.403	0.002
822.572	0.001
822.741	0.001
822.910	0.002
823.079	0.002
823.248	0.001
823.417	0.002
823.587	0.002
823.756	0.003
823.925	0.002
824.094	0.002
824.263	0.002
824.432	0.002
824.601	0.002
824.770	0.003
824.939	0.001
825.108	0.003
825.277	0.001
825.447	0.003
825.616	0.001
825.785	0.002
825.954	0.001
826.123	0.002
826.292	0.001
826.461	0.001
826.630	0.000
826.799	0.001
826.969	0.002
827.138	0.002
827.307	0.002
827.476	0.002
827.645	0.003
827.814	0.002
827.983	0.002
828.153	0.002
828.322	0.003
828.491	0.003
828.660	0.002
828.829	0.004
828.998	0.002
829.167	0.003
829.337	0.001
829.506	0.002
829.675	0.001
829.844	0.002
830.013	0.001
830.182	0.002
830.352	0.002
830.521	0.001
830.690	0.002
830.859	0.001
831.028	0.001
831.198	0.001
831.367	0.002
831.536	0.002
831.705	0.002
831.874	0.001
832.043	0.002
832.213	0.003
832.382	0.002
832.551	0.002
832.720	0.001
832.890	0.003
833.059	0.001
833.228	0.003
833.397	0.000
833.566	0.002
833.736	0.001
833.905	0.002
834.074	0.002
834.243	0.002
834.412	0.002
834.582	0.002
834.751	0.002
834.920	0.001
835.089	0.001
835.259	0.002
835.428	0.002
835.597	0.003
835.766	0.000
835.936	0.002
836.105	0.001
836.274	0.001
836.443	0.001
836.613	0.002
836.782	0.002
836.951	0.001
837.120	0.001
837.290	0.001
837.459	0.002
837.628	0.002
837.797	0.002
837.967	0.002
838.136	0.001
838.305	0.001
838.475	0.001
838.644	0.002
838.813	0.002
838.982	0.002
839.152	0.002
839.321	0.002
839.490	0.002
839.660	0.001
839.829	0.002
839.998	0.001
840.167	0.000
840.337	0.002
840.506	0.001
840.675	0.003
840.845	0.002
841.014	0.002
841.183	0.002
841.353	0.002
841.522	0.002
841.691	0.001
841.861	0.001
842.030	0.001
842.199	0.003
842.369	0.002
842.538	0.002
842.707	0.002
842.877	0.001
843.046	0.002
843.215	0.001
843.385	0.003
843.554	0.001
843.723	0.002
843.893	0.001
844.062	0.002
844.231	0.001
844.401	0.003
844.570	0.003
844.739	0.003
844.909	0.002
845.078	0.001
845.247	0.001
845.417	0.003
845.586	0.001
845.755	0.002
845.925	0.001
846.094	0.002
846.264	0.001
846.433	0.002
846.602	0.002
846.772	0.002
846.941	0.002
847.110	0.002
847.280	0.000
847.449	0.003
847.619	0.001
847.788	0.002
847.957	0.001
848.127	0.000
848.296	0.002
848.466	0.002
848.635	0.001
848.804	0.002
848.974	0.002
849.143	0.002
849.313	0.001
849.482	0.002
849.651	0.001
849.821	0.002
849.990	0.001
850.160	0.001
850.329	0.002
850.498	0.002
850.668	0.002
850.837	0.002
851.007	0.001
851.176	0.002
851.346	0.001
851.515	0.003
851.684	0.002
851.854	0.002
852.023	0.002
852.193	0.002
852.362	0.001
852.532	0.002
852.701	0.002
852.871	0.002
853.040	0.001
853.209	0.002
853.379	0.001
853.548	0.002
853.718	0.001
853.887	0.002
854.057	0.001
854.226	0.002
854.396	0.002
854.565	0.002
854.734	0.002
854.904	0.003
855.073	0.002
855.243	0.002
855.412	0.001
855.582	0.003
855.751	0.002
855.921	0.001
856.090	0.001
856.260	0.002
856.429	0.001
856.599	0.002
856.768	0.001
856.938	0.002
857.107	0.002
857.277	0.002
857.446	0.001
857.616	0.002
857.785	0.001
857.955	0.002
858.124	0.001
858.294	0.002
858.463	0.001
858.633	0.002
858.802	0.002
858.972	0.002
859.141	-0.000
859.311	0.002
859.480	0.001
859.650	0.003
859.819	0.001
859.989	0.002
860.158	0.002
860.328	0.002
860.497	0.002
860.667	0.001
860.836	0.002
861.006	0.002
861.175	0.002
861.345	0.002
861.514	0.001
861.684	0.002
861.853	0.002
862.023	0.001
862.192	0.002
862.362	0.001
862.532	0.002
862.701	0.001
862.871	0.002
863.040	0.001
863.210	0.002
863.379	0.002
863.549	0.002
863.718	0.001
863.888	0.001
864.057	0.000
864.227	0.001
864.397	0.001
864.566	0.003
864.736	0.001
864.905	0.001
865.075	0.001
865.244	0.001
865.414	0.001
865.583	0.001
865.753	0.002
865.923	0.001
866.092	0.002
866.262	0.001
866.431	0.002
866.601	0.001
866.770	0.002
866.940	0.002
867.110	0.001
867.279	0.001
867.449	0.002
867.618	0.001
867.788	0.001
867.957	0.002
868.127	0.002
868.297	0.002
868.466	0.005
868.636	0.002
868.805	0.005
868.975	0.001
869.145	0.003
869.314	0.002
869.484	0.002
869.653	0.002
869.823	0.001
869.993	0.002
870.162	0.001
870.332	0.002
870.501	0.001
870.671	0.002
870.841	0.001
871.010	0.002
871.180	0.002
871.349	0.002
871.519	0.001
871.689	0.002
871.858	0.001
872.028	0.002
872.198	-0.000
872.367	0.002
872.537	0.001
872.706	0.001
872.876	0.001
873.046	0.001
873.215	0.000
873.385	0.001
873.555	-0.000
873.724	0.001
873.894	0.001
874.063	0.002
874.233	0.000
874.403	0.002
874.572	0.001
874.742	0.002
874.912	0.000
875.081	0.002
875.251	0.002
875.421	0.003
875.590	0.002
875.760	0.001
875.929	0.002
876.099	0.002
876.269	0.002
876.438	0.001
876.608	0.001
876.778	0.002
876.947	0.001
877.117	0.003
877.287	0.001
877.456	0.002
877.626	0.001
877.796	0.002
877.965	0.001
878.135	0.002
878.305	0.001
878.474	0.002
878.644	0.000
878.814	0.002
878.983	0.001
879.153	0.002
879.323	0.002
879.492	0.002
879.662	0.003
879.832	0.001
880.001	0.001
880.171	0.001
880.341	0.002
880.510	0.001
880.680	0.002
880.850	0.002
881.019	0.001
881.189	0.002
881.359	0.001
881.528	0.002
881.698	0.002
881.868	0.003
882.037	0.002
882.207	0.002
882.377	0.001
882.547	0.002
882.716	0.002
882.886	0.002
883.056	0.002
883.225	0.002
883.395	0.001
883.565	0.002
883.734	0.002
883.904	0.002
884.074	0.002
884.243	0.001
884.413	0.002
884.583	0.002
884.753	0.001
884.922	0.001
885.092	0.002
885.262	0.001
885.431	0.002
885.601	0.001
885.771	0.002
885.941	0.001
886.110	0.001
886.280	0.002
886.450	0.001
886.619	0.002
886.789	0.001
886.959	0.003
887.129	0.001
887.298	0.002
887.468	0.002
887.638	0.002
887.807	0.002
887.977	0.002
888.147	0.002
888.317	0.002
888.486	0.001
888.656	0.003
888.826	0.001
888.995	0.003
889.165	0.001
889.335	0.002
889.505	0.002
889.674	0.002
889.844	0.003
890.014	0.001
890.184	0.002
890.353	0.002
890.523	0.001
890.693	0.001
890.863	0.001
891.032	0.001
891.202	0.001
891.372	0.002
891.541	0.001
891.711	0.004
891.881	0.001
892.051	0.003
892.220	0.002
892.390	0.002
892.560	0.001
892.730	0.001
892.899	0.002
893.069	0.003
893.239	0.001
893.409	0.003
893.578	0.003
893.748	0.002
893.918	0.002
894.088	0.002
894.257	0.002
894.427	0.003
894.597	0.002
894.767	0.002
894.936	0.002
895.106	0.002
895.276	0.001
895.446	0.002
895.615	0.001
895.785	0.001
895.955	0.001
896.125	0.002
896.295	0.000
896.464	0.003
896.634	0.001
896.804	0.001
896.974	0.002
897.143	0.002
897.313	0.002
897.483	0.002
897.653	0.002
897.822	0.002
897.992	0.002
898.162	0.002
898.332	0.001
898.502	0.001
898.671	0.002
898.841	0.003
899.011	0.002
899.181	0.003
899.350	0.001
899.520	0.003
899.690	0.002
899.860	0.002
900.029	0.001
900.199	0.003
900.369	0.000
900.539	0.002
900.709	0.001
900.878	0.001
901.048	0.001
901.218	0.002
901.388	0.001
901.558	0.002
901.727	0.001
901.897	0.003
902.067	0.001
902.237	0.002
902.406	0.002
902.576	0.002
902.746	0.001
902.916	0.001
903.086	0.001
903.255	0.002
903.425	0.002
903.595	0.002
903.765	0.002
903.935	0.001
904.104	0.002
904.274	0.001
904.444	0.001
904.614	0.002
904.784	0.001
904.953	0.002
905.123	0.002
905.293	0.001
905.463	0.002
905.632	0.002
905.802	0.002
905.972	0.001
906.142	0.002
906.312	0.001
906.481	0.001
906.651	0.000
906.821	0.002
906.991	0.001
907.161	0.003
907.330	0.002
907.500	0.002
907.670	0.002
907.840	0.001
908.010	0.001
908.180	0.002
908.349	0.002
908.519	0.001
908.689	0.001
908.859	0.002
909.029	0.001
909.198	0.002
909.368	0.001
909.538	0.002
909.708	0.002
909.878	0.001
910.047	0.002
910.217	0.002
910.387	0.002
910.557	0.002
910.727	0.002
910.896	0.002
911.066	0.002
911.236	0.001
911.406	0.001
911.576	0.001
911.745	0.001
911.915	0.001
912.085	0.002
912.255	0.002
912.425	0.002
912.595	0.003
912.764	0.001
912.934	0.002
913.104	0.002
913.274	0.002
913.444	0.001
913.613	0.002
913.783	0.002
913.953	0.002
914.123	0.001
914.293	0.002
914.463	0.002
914.632	0.002
914.802	0.002
914.972	0.001
915.142	0.001
915.312	0.002
915.481	0.001
915.651	0.002
915.821	0.001
915.991	0.001
916.161	0.002
916.331	0.001
916.500	0.002
916.670	0.002
916.840	0.001
917.010	0.002
917.180	0.002
917.349	0.002
917.519	0.002
917.689	0.002
917.859	0.002
918.029	0.002
918.199	0.002
918.368	0.001
918.538	0.000
918.708	0.001
918.878	0.000
919.048	0.001
919.218	0.001
919.387	0.002
919.557	0.001
919.727	0.002
919.897	0.002
920.067	0.001
920.237	0.002
920.406	0.002
920.576	0.001
920.746	0.002
920.916	0.001
921.086	0.002
921.255	0.002
921.425	0.002
921.595	0.002
921.765	0.002
921.935	0.002
922.105	0.002
922.274	0.001
922.444	0.002
922.614	0.001
922.784	0.001
922.954	0.001
923.124	0.001
923.293	0.001
923.463	0.002
923.633	0.002
923.803	0.001
923.973	0.002
924.143	0.002
924.312	0.002
924.482	0.002
924.652	0.001
924.822	0.002
924.992	0.001
925.162	0.001
925.331	0.002
925.501	0.002
925.671	0.003
925.841	0.003
926.011	0.002
926.181	0.002
926.350	0.002
926.520	0.002
926.690	0.001
926.860	0.001
927.030	0.002
927.199	0.000
927.369	0.001
927.539	0.001
927.709	0.002
927.879	0.002
928.049	0.001
928.218	0.002
928.388	0.001
928.558	0.001
928.728	0.002
928.898	0.002
929.068	0.001
929.237	0.002
929.407	0.000
929.577	0.001
929.747	0.002
929.917	0.001
930.087	0.003
930.256	0.001
930.426	0.001
930.596	0.002
930.766	0.001
930.936	0.002
931.106	0.002
931.275	0.001
931.445	0.001
931.615	0.002
931.785	0.002
931.955	0.003
932.125	0.002
932.294	0.001
932.464	0.002
932.634	0.002
932.804	0.002
932.974	0.002
933.144	0.001
933.313	0.002
933.483	0.001
933.653	0.001
933.823	0.001
933.993	0.002
934.162	0.002
934.332	0.001
934.502	0.002
934.672	0.001
934.842	0.003
935.012	0.002
935.181	0.003
935.351	0.001
935.521	0.002
935.691	0.001
935.861	0.001
936.031	0.002
936.200	0.001
936.370	0.001
936.540	0.001
936.710	0.001
936.880	0.001
937.050	0.002
937.219	0.001
937.389	0.003
937.559	0.003
937.729	0.002
937.899	0.001
938.068	0.001
938.238	0.001
938.408	0.003
938.578	0.001
938.748	0.003
938.918	0.001
939.087	0.002
939.257	0.001
939.427	0.002
939.597	0.001
939.767	0.002
939.936	0.002
940.106	0.002
940.276	0.000
940.446	0.003
940.616	0.001
940.786	0.001
940.955	0.002
941.125	0.002
941.295	0.001
941.465	0.003
941.635	0.002
941.804	0.001
941.974	0.001
942.144	0.002
942.314	0.001
942.484	0.002
942.654	0.002
942.823	0.001
942.993	0.002
943.163	0.003
943.333	0.001
943.503	0.001
943.672	0.001
943.842	0.003
944.012	-0.000
944.182	0.002
944.352	0.000
944.521	0.002
944.691	0.002
944.861	0.001
945.031	0.001
945.201	0.001
945.371	0.001
945.540	0.002
945.710	0.001
945.880	0.003
946.050	0.001
946.220	0.002
946.389	0.000
946.559	0.002
946.729	0.001
946.899	0.001
947.069	0.001
947.238	0.001
947.408	0.004
947.578	0.001
947.748	0.002
947.918	0.000
948.087	0.001
948.257	0.001
948.427	0.001
948.597	0.001
948.767	0.001
948.936	0.002
949.106	0.001
949.276	0.002
949.446	0.000
949.616	0.002
949.785	0.001
949.955	0.001
950.125	0.001
950.295	0.001
950.465	0.001
950.634	0.002
950.804	0.001
950.974	0.002
951.144	0.002
951.314	0.001
951.483	0.003
951.653	0.002
951.823	0.002
951.993	0.001
952.162	0.001
952.332	0.001
952.502	0.001
952.672	0.001
952.842	0.002
953.011	0.001
953.181	0.002
953.351	0.001
953.521	0.001
953.691	0.001
953.860	0.002
954.030	0.001
954.200	0.001
954.370	0.001
954.539	0.001
954.709	0.002
954.879	0.006
955.049	0.002
955.219	0.004
955.388	0.001
955.558	0.001
955.728	0.000
955.898	0.002
956.067	0.003
956.237	0.001
956.407	0.001
956.577	0.005
956.746	0.002
956.916	0.004
957.086	0.002
957.256	0.002
957.426	0.001
957.595	0.001
957.765	0.001
957.935	0.003
958.105	0.001
958.274	0.003
958.444	0.001
958.614	0.003
958.784	0.001
958.953	0.002
959.123	0.001
959.293	0.002
959.463	0.001
959.632	0.002
959.802	0.001
959.972	0.002
960.142	0.002
960.312	0.002
960.481	0.002
960.651	0.003
960.821	0.001
960.991	0.002
961.160	0.001
961.330	0.002
961.500	0.001
961.670	0.001
961.839	0.002
962.009	0.001
962.179	0.002
962.349	0.002
962.518	0.001
962.688	0.002
962.858	0.001
963.027	0.002
963.197	0.001
963.367	0.002
963.537	0.001
963.706	0.002
963.876	0.001
964.046	0.001
964.216	0.001
964.385	0.001
964.555	0.000
964.725	0.003
964.895	0.001
965.064	0.002
965.234	0.000
965.404	0.002
965.574	0.001
965.743	0.002
965.913	0.000
966.083	0.001
966.252	0.001
966.422	0.003
966.592	0.001
966.762	0.003
966.931	0.001
967.101	0.002
967.271	0.002
967.440	0.002
967.610	0.001
967.780	0.002
967.950	0.001
968.119	0.001
968.289	0.003
968.459	0.002
968.628	0.001
968.798	0.002
968.968	0.001
969.138	0.002
969.307	0.002
969.477	0.002
969.647	0.002
969.816	0.001
969.986	0.001
970.156	0.001
970.326	0.003
970.495	0.002
970.665	0.003
970.835	0.001
971.004	0.001
971.174	0.001
971.344	0.002
971.513	0.002
971.683	0.002
971.853	0.002
972.023	0.002
972.192	0.002
972.362	0.001
972.532	0.002
972.701	0.002
972.871	0.002
973.041	0.001
973.210	0.002
973.380	0.002
973.550	0.001
973.719	0.001
973.889	0.001
974.059	0.001
974.228	0.001
974.398	0.001
974.568	0.001
974.737	0.001
974.907	0.002
975.077	0.001
975.246	0.001
975.416	0.000
975.586	0.002
975.755	0.001
975.925	0.001
976.095	0.001
976.264	0.001
976.434	0.001
976.604	0.001
976.773	0.002
976.943	0.001
977.113	0.001
977.282	0.003
977.452	0.001
977.622	0.002
977.791	0.001
977.961	0.001
978.131	0.001
978.300	0.002
978.470	0.002
978.640	0.002
978.809	0.001
978.979	0.002
979.149	0.001
979.318	0.001
979.488	0.002
979.658	0.001
979.827	0.002
979.997	0.001
980.166	0.002
980.336	0.001
980.506	0.001
980.675	0.002
980.845	0.001
981.015	0.001
981.184	0.001
981.354	0.002
981.523	0.001
981.693	0.002
981.863	0.002
982.032	0.001
982.202	0.001
982.372	0.001
982.541	0.002
982.711	0.002
982.880	0.001
983.050	0.002
983.220	0.002
983.389	0.003
983.559	0.002
983.729	0.001
983.898	0.001
984.068	0.001
984.237	0.001
984.407	0.001
984.577	0.001
984.746	0.001
984.916	0.001
985.085	0.002
985.255	0.001
985.425	0.002
985.594	0.000
985.764	0.002
985.933	0.001
986.103	0.003
986.273	0.001
986.442	0.002
986.612	0.002
986.781	0.002
986.951	0.001
987.120	0.002
987.290	0.001
987.460	0.002
987.629	0.002
987.799	0.002
987.968	0.002
988.138	0.001
988.307	0.001
988.477	0.001
988.647	0.001
988.816	0.001
988.986	0.002
989.155	0.002
989.325	0.002
989.494	0.003
989.664	0.001
989.834	0.002
990.003	0.001
990.173	0.002
990.342	0.001
990.512	0.003
990.681	0.001
990.851	0.002
991.020	0.001
991.190	0.002
991.360	0.000
991.529	0.001
991.699	0.001
991.868	0.002
992.038	0.002
992.207	0.002
992.377	0.002
992.546	0.002
992.716	0.002
992.885	0.001
993.055	0.001
993.224	0.001
993.394	0.001
993.564	0.001
993.733	0.002
993.903	0.002
994.072	0.002
994.242	0.002
994.411	0.001
994.581	0.000
994.750	0.002
994.920	0.001
995.089	0.002
995.259	0.001
995.428	0.002
995.598	0.001
995.767	0.002
995.937	0.001
996.106	0.002
996.276	0.001
996.445	0.002
996.615	0.003
996.784	0.001
996.954	0.002
997.123	0.001
997.293	0.001
997.462	0.002
997.632	0.001
997.801	0.003
997.971	0.002
998.140	0.002
998.310	0.001
998.479	0.001
998.649	0.002
998.818	0.002
998.988	0.001
999.157	0.002
999.326	0.002
999.496	0.002
999.665	0.003
999.835	0.002
1000.004	0.001
1000.174	0.002
1000.343	0.003
1000.513	0.002
1000.682	0.003
1000.852	0.001
1001.021	0.001
1001.191	0.002
1001.360	0.001
1001.529	0.002
1001.699	0.002
1001.868	0.002
1002.038	0.001
1002.207	0.002
1002.377	0.001
1002.546	0.001
1002.716	0.002
1002.885	0.001
1003.054	0.007
1003.224	0.001
1003.393	0.004
1003.563	0.002
1003.732	0.001
1003.902	0.003
1004.071	0.001
1004.240	0.002
1004.410	0.001
1004.579	0.002
1004.749	0.001
1004.918	0.001
1005.087	0.002
1005.257	0.001
1005.426	0.002
1005.596	0.001
1005.765	0.002
1005.934	0.003
1006.104	0.002
1006.273	0.003
1006.443	0.001
1006.612	0.002
1006.781	0.000
1006.951	0.002
1007.120	0.001
1007.290	0.002
1007.459	0.001
1007.628	0.002
1007.798	0.001
1007.967	0.001
1008.137	0.001
1008.306	0.001
1008.475	0.001
1008.645	0.001
1008.814	0.001
1008.983	0.002
1009.153	0.002
1009.322	0.002
1009.491	0.001
1009.661	0.002
1009.830	0.001
1010.000	0.003
1010.169	0.002
1010.338	0.003
1010.508	0.001
1010.677	0.002
1010.846	0.002
1011.016	0.002
1011.185	0.001
1011.354	0.002
1011.524	0.001
1011.693	0.001
1011.862	0.001
1012.032	0.003
1012.201	0.001
1012.370	0.003
1012.540	0.002
1012.709	0.002
1012.878	0.001
1013.048	0.002
1013.217	0.001
1013.386	0.001
1013.556	0.002
1013.725	0.002
1013.894	0.002
1014.064	0.002
1014.233	0.002
1014.402	0.003
1014.571	0.001
1014.741	0.003
1014.910	0.001
1015.079	0.001
1015.249	0.001
1015.418	0.001
1015.587	0.001
1015.757	0.002
1015.926	0.002
1016.095	0.003
1016.264	0.002
1016.434	0.002
1016.603	0.001
1016.772	0.002
1016.941	0.002
1017.111	0.002
1017.280	0.002
1017.449	0.002
1017.619	0.002
1017.788	0.002
1017.957	0.000
1018.126	0.002
1018.296	0.002
1018.465	0.003
1018.634	0.002
1018.803	0.002
1018.973	0.001
1019.142	0.001
1019.311	0.001
1019.480	0.002
1019.650	0.002
1019.819	0.002
1019.988	0.001
1020.157	0.002
1020.326	0.001
1020.496	0.001
1020.665	0.002
1020.834	0.002
1021.003	0.001
1021.173	0.002
1021.342	0.001
1021.511	0.002
1021.680	0.001
1021.849	0.002
1022.019	0.002
1022.188	0.003
1022.357	0.001
1022.526	0.003
1022.695	0.002
1022.865	0.001
1023.034	0.001
1023.203	0.002
1023.372	0.001
1023.541	0.001
1023.711	0.002
1023.880	0.002
1024.049	0.001
1024.218	0.003
1024.387	0.002
1024.557	0.003
1024.726	0.001
1024.895	0.002
1025.064	0.001
1025.233	0.003
1025.402	0.001
1025.572	0.002
1025.741	0.002
1025.910	0.002
1026.079	0.002
1026.248	0.001
1026.417	0.003
1026.586	0.003
1026.756	0.001
1026.925	0.002
1027.094	0.001
1027.263	0.002
1027.432	0.001
1027.601	0.002
1027.770	0.001
1027.940	0.002
1028.109	0.001
1028.278	0.002
1028.447	0.000
1028.616	0.001
1028.785	0.002
1028.954	0.002
1029.123	0.003
1029.292	0.001
1029.462	0.003
1029.631	0.001
1029.800	0.002
1029.969	0.002
1030.138	0.001
1030.307	0.002
1030.476	0.002
1030.645	0.001
1030.814	0.000
1030.983	0.002
1031.152	0.001
1031.322	0.002
1031.491	0.001
1031.660	0.001
1031.829	0.002
1031.998	0.001
1032.167	0.001
1032.336	0.001
1032.505	0.002
1032.674	0.003
1032.843	0.001
1033.012	0.002
1033.181	0.001
1033.350	0.002
1033.519	0.002
1033.688	0.002
1033.857	0.002
1034.026	0.002
1034.196	0.002
1034.365	0.002
1034.534	0.002
1034.703	0.000
1034.872	0.001
1035.041	0.001
1035.210	0.001
1035.379	0.002
1035.548	0.002
1035.717	0.002
1035.886	0.002
1036.055	0.001
1036.224	0.001
1036.393	0.001
1036.562	0.001
1036.731	0.001
1036.900	0.001
1037.069	0.001
1037.238	0.001
1037.407	0.002
1037.576	0.001
1037.745	0.002
1037.914	0.003
1038.083	0.001
1038.252	0.003
1038.421	0.001
1038.590	0.002
1038.759	0.001
1038.928	0.002
1039.096	0.002
1039.265	0.002
1039.434	0.001
1039.603	0.002
1039.772	0.002
1039.941	0.002
1040.110	0.001
1040.279	0.002
1040.448	0.000
1040.617	0.001
1040.786	0.001
1040.955	0.002
1041.124	0.002
1041.293	0.002
1041.462	0.002
1041.631	0.002
1041.800	0.000
1041.968	0.001
1042.137	0.001
1042.306	0.001
1042.475	0.001
1042.644	0.000
1042.813	0.002
1042.982	0.001
1043.151	0.002
1043.320	0.002
1043.489	0.001
1043.657	0.001
1043.826	0.002
1043.995	0.002
1044.164	0.002
1044.333	0.001
1044.502	0.001
1044.671	0.003
1044.840	0.001
1045.008	0.002
1045.177	0.001
1045.346	0.002
1045.515	0.001
1045.684	0.001
1045.853	0.002
1046.022	0.002
1046.190	0.000
1046.359	0.002
1046.528	0.001
1046.697	0.002
1046.866	0.001
1047.035	0.002
1047.203	0.002
1047.372	0.002
1047.541	0.002
1047.710	0.003
1047.879	0.001
1048.048	0.002
1048.216	0.001
1048.385	0.003
1048.554	0.001
1048.723	0.002
1048.892	0.001
1049.060	0.001
1049.229	0.002
1049.398	0.002
1049.567	0.002
1049.736	0.001
1049.904	0.003
1050.073	0.000
1050.242	0.001
1050.411	0.001
1050.580	0.001
1050.748	0.001
1050.917	0.001
1051.086	0.002
1051.255	0.001
1051.423	0.002
1051.592	0.002
1051.761	0.001
1051.930	0.001
1052.098	0.001
1052.267	0.002
1052.436	0.001
1052.605	0.001
1052.773	0.000
1052.942	0.000
1053.111	0.001
1053.279	0.001
1053.448	0.001
1053.617	0.001
1053.786	0.001
1053.954	0.001
1054.123	0.002
1054.292	0.001
1054.460	0.002
1054.629	0.001
1054.798	0.001
1054.967	0.002
1055.135	0.003
1055.304	0.001
1055.473	0.002
1055.641	0.002
1055.810	0.002
1055.979	0.001
1056.147	0.002
1056.316	0.002
1056.485	0.001
1056.653	0.002
1056.822	0.001
1056.991	0.001
1057.159	0.001
1057.328	0.001
1057.497	0.002
1057.665	0.002
1057.834	0.001
1058.003	0.002
1058.171	0.002
1058.340	0.001
1058.509	0.001
1058.677	0.000
1058.846	0.002
1059.014	0.001
1059.183	0.002
1059.352	0.002
1059.520	0.002
1059.689	0.002
1059.857	0.002
1060.026	0.002
1060.195	0.001
1060.363	0.001
1060.532	0.002
1060.700	0.001
1060.869	0.001
1061.038	0.002
1061.206	0.002
1061.375	0.001
1061.543	0.002
1061.712	0.002
1061.881	0.002
1062.049	0.002
1062.218	0.003
1062.386	0.002
1062.555	0.002
1062.723	0.002
1062.892	0.001
1063.060	0.001
1063.229	0.002
1063.397	0.001
1063.566	0.002
1063.735	0.001
1063.903	0.002
1064.072	0.001
1064.240	0.002
1064.409	0.002
1064.577	0.002
1064.746	0.005
1064.914	0.001
1065.083	0.004
1065.251	0.002
1065.420	0.003
1065.588	0.000
1065.757	0.002
1065.925	0.000
1066.094	0.000
1066.262	0.002
1066.431	0.001
1066.599	0.003
1066.768	0.001
1066.936	0.001
1067.105	0.001
1067.273	0.002
1067.442	0.001
1067.610	0.001
1067.778	0.001
1067.947	0.002
1068.115	0.001
1068.284	0.003
1068.452	0.002
1068.621	0.003
1068.789	0.002
1068.958	0.002
1069.126	0.001
1069.294	0.002
1069.463	0.002
1069.631	0.002
1069.800	0.002
1069.968	0.002
1070.136	-0.000
1070.305	0.001
1070.473	0.000
1070.642	0.002
1070.810	0.001
1070.978	0.002
1071.147	0.001
1071.315	0.002
1071.484	0.002
1071.652	0.002
1071.820	0.001
1071.989	0.001
1072.157	0.001
1072.325	0.001
1072.494	0.000
1072.662	0.001
1072.831	-0.000
1072.999	0.002
1073.167	0.001
1073.336	0.002
1073.504	0.002
1073.672	0.002
1073.841	0.002
1074.009	0.002
1074.177	0.001
1074.346	0.001
1074.514	0.000
1074.682	0.001
1074.851	0.000
1075.019	0.001
1075.187	0.001
1075.355	0.002
1075.524	0.002
1075.692	0.002
1075.860	0.001
1076.029	0.002
1076.197	0.001
1076.365	0.002
1076.533	0.001
1076.702	0.002
1076.870	0.001
1077.038	0.002
1077.207	0.001
1077.375	0.002
1077.543	0.001
1077.711	0.002
1077.880	0.002
1078.048	0.001
1078.216	0.002
1078.384	0.002
1078.553	0.000
1078.721	0.000
1078.889	0.002
1079.057	0.004
1079.225	0.002
1079.394	0.002
1079.562	0.002
1079.730	-0.000
1079.898	0.002
1080.066	0.001
1080.235	0.002
1080.403	0.000
1080.571	0.001
1080.739	0.001
1080.907	0.002
1081.076	0.000
1081.244	0.002
1081.412	0.002
1081.580	0.002
1081.748	0.003
1081.916	0.002
1082.085	0.001
1082.253	0.002
1082.421	0.002
1082.589	0.002
1082.757	0.002
1082.925	0.002
1083.094	0.002
1083.262	0.002
1083.430	0.002
1083.598	0.003
1083.766	0.001
1083.934	0.002
1084.102	0.001
1084.270	0.002
1084.438	0.002
1084.607	0.001
1084.775	0.002
1084.943	0.002
1085.111	0.001
1085.279	0.002
1085.447	0.001
1085.615	0.001
1085.783	0.001
1085.951	0.001
1086.119	0.000
1086.287	0.001
1086.455	0.001
1086.624	0.001
1086.792	0.002
1086.960	0.001
1087.128	0.001
1087.296	0.002
1087.464	0.001
1087.632	0.002
1087.800	0.001
1087.968	0.001
1088.136	0.001
1088.304	0.003
1088.472	0.000
1088.640	0.002
1088.808	0.002
1088.976	0.002
1089.144	0.001
1089.312	0.002
1089.480	0.001
1089.648	0.002
1089.816	0.000
1089.984	0.002
1090.152	-0.000
1090.320	0.002
1090.488	0.002
1090.656	0.001
1090.824	0.001
1090.992	0.002
1091.160	0.002
1091.328	0.002
1091.496	0.002
1091.664	0.002
1091.832	0.001
1091.999	0.002
1092.167	0.001
1092.335	0.002
1092.503	0.001
1092.671	0.002
1092.839	0.001
1093.007	0.001
1093.175	0.002
1093.343	0.002
1093.511	0.002
1093.679	0.002
1093.846	-0.002
1094.014	-0.002
1094.182	-0.004
1094.350	-0.004
1094.518	-0.004
1094.686	-0.004
