5.000000000000000000e+02	3.874596349086541380e+01
5.010000000000000000e+02	3.870048967959371566e+01
5.020000000000000000e+02	3.865495454221306204e+01
5.030000000000000000e+02	3.860935797829809957e+01
5.040000000000000000e+02	3.856369988733685972e+01
5.050000000000000000e+02	3.851580150036274119e+01
5.060000000000000000e+02	3.846783536093501255e+01
5.070000000000000000e+02	3.841980135318896572e+01
5.080000000000000000e+02	3.837169936116060143e+01
5.090000000000000000e+02	3.832841193976720007e+01
5.100000000000000000e+02	3.828561259808977724e+01
5.110000000000000000e+02	3.824275945984014413e+01
5.120000000000000000e+02	3.819985244371878963e+01
5.130000000000000000e+02	3.815759126556806535e+01
5.140000000000000000e+02	3.811557807305533174e+01
5.150000000000000000e+02	3.807351324954179006e+01
5.160000000000000000e+02	3.803139671906233588e+01
5.170000000000000000e+02	3.799007227983685908e+01
5.180000000000000000e+02	3.794996533478025924e+01
5.190000000000000000e+02	3.790981152305750612e+01
5.200000000000000000e+02	3.786961077937679221e+01
5.210000000000000000e+02	3.782954202132800248e+01
5.220000000000000000e+02	3.779103929813070550e+01
5.230000000000000000e+02	3.775249354586567563e+01
5.240000000000000000e+02	3.771390470743969558e+01
5.250000000000000000e+02	3.767527272573020980e+01
5.260000000000000000e+02	3.763781952627273597e+01
5.270000000000000000e+02	3.760114127342049528e+01
5.280000000000000000e+02	3.756442414954068454e+01
5.290000000000000000e+02	3.752766810597110947e+01
5.300000000000000000e+02	3.749066856835717232e+01
5.310000000000000000e+02	3.745178683043647538e+01
5.320000000000000000e+02	3.741286156217479686e+01
5.330000000000000000e+02	3.737389270624027660e+01
5.340000000000000000e+02	3.733488020527646967e+01
5.350000000000000000e+02	3.729918464193681871e+01
5.360000000000000000e+02	3.726569506723717495e+01
5.370000000000000000e+02	3.723217334598593453e+01
5.380000000000000000e+02	3.719861944207035265e+01
5.390000000000000000e+02	3.716503331936584686e+01
5.400000000000000000e+02	3.713141494173630974e+01
5.410000000000000000e+02	3.709776427303459201e+01
5.420000000000000000e+02	3.706408127710236045e+01
5.430000000000000000e+02	3.703036591777085818e+01
5.440000000000000000e+02	3.699675884179085728e+01
5.450000000000000000e+02	3.696368286465157382e+01
5.460000000000000000e+02	3.693057575531820902e+01
5.470000000000000000e+02	3.689743747979887445e+01
5.480000000000000000e+02	3.686426800409308413e+01
5.490000000000000000e+02	3.683210404342329269e+01
5.500000000000000000e+02	3.680146722263401671e+01
5.510000000000000000e+02	3.677080379727647141e+01
5.520000000000000000e+02	3.674011374068117419e+01
5.530000000000000000e+02	3.670939702617341283e+01
5.540000000000000000e+02	3.667896119324085191e+01
5.550000000000000000e+02	3.664880700891240650e+01
5.560000000000000000e+02	3.661862714621081238e+01
5.570000000000000000e+02	3.658842158001267819e+01
5.580000000000000000e+02	3.655819028519066194e+01
5.590000000000000000e+02	3.652915736726934171e+01
5.600000000000000000e+02	3.650132580356326173e+01
5.610000000000000000e+02	3.647347244377851894e+01
5.620000000000000000e+02	3.644559726839482039e+01
5.630000000000000000e+02	3.641770025788957099e+01
5.640000000000000000e+02	3.638903659032115456e+01
5.650000000000000000e+02	3.635923173431337574e+01
5.660000000000000000e+02	3.632940196606544703e+01
5.670000000000000000e+02	3.629954726187514780e+01
5.680000000000000000e+02	3.626966759803808316e+01
5.690000000000000000e+02	3.624118116484869034e+01
5.700000000000000000e+02	3.621598362375425495e+01
5.710000000000000000e+02	3.619076834099350037e+01
5.720000000000000000e+02	3.616553530241358771e+01
5.730000000000000000e+02	3.614028449386129438e+01
5.740000000000000000e+02	3.611501590118273697e+01
5.750000000000000000e+02	3.608842457051918728e+01
5.760000000000000000e+02	3.606181354141877193e+01
5.770000000000000000e+02	3.603518279742102237e+01
5.780000000000000000e+02	3.600853232206520715e+01
5.790000000000000000e+02	3.598186209889043141e+01
5.800000000000000000e+02	3.595624009061469906e+01
5.810000000000000000e+02	3.593131232811882825e+01
5.820000000000000000e+02	3.590636732159040179e+01
5.830000000000000000e+02	3.588140505764650356e+01
5.840000000000000000e+02	3.585642552290450880e+01
5.850000000000000000e+02	3.583160731400847254e+01
5.860000000000000000e+02	3.580748697601649866e+01
5.870000000000000000e+02	3.578335054202979393e+01
5.880000000000000000e+02	3.575919800005052451e+01
5.890000000000000000e+02	3.573502933808138948e+01
5.900000000000000000e+02	3.571084454412594056e+01
5.910000000000000000e+02	3.568791774243943848e+01
5.920000000000000000e+02	3.566582637772495445e+01
5.930000000000000000e+02	3.564372155851857116e+01
5.940000000000000000e+02	3.562160327571404395e+01
5.950000000000000000e+02	3.559947152020583871e+01
5.960000000000000000e+02	3.557732628288909638e+01
5.970000000000000000e+02	3.555551150008690087e+01
5.980000000000000000e+02	3.553372187200089627e+01
5.990000000000000000e+02	3.551191919690009513e+01
6.000000000000000000e+02	3.549010346614544176e+01
6.010000000000000000e+02	3.546827467109871179e+01
6.020000000000000000e+02	3.544663504987883584e+01
6.030000000000000000e+02	3.542680383867840277e+01
6.040000000000000000e+02	3.540696184931099566e+01
6.050000000000000000e+02	3.538710907532476568e+01
6.060000000000000000e+02	3.536724551026856034e+01
6.070000000000000000e+02	3.534737114769186661e+01
6.080000000000000000e+02	3.532722629777308754e+01
6.090000000000000000e+02	3.530603102921950409e+01
6.100000000000000000e+02	3.528482348493064080e+01
6.110000000000000000e+02	3.526360365711246203e+01
6.120000000000000000e+02	3.524237153797196953e+01
6.130000000000000000e+02	3.522112711971738008e+01
6.140000000000000000e+02	3.520026186544137659e+01
6.150000000000000000e+02	3.518095147813691170e+01
6.160000000000000000e+02	3.516163093334002099e+01
6.170000000000000000e+02	3.514230022522218633e+01
6.180000000000000000e+02	3.512295934795577068e+01
6.190000000000000000e+02	3.510360829571407493e+01
6.200000000000000000e+02	3.508415228026894539e+01
6.210000000000000000e+02	3.506383247458457930e+01
6.220000000000000000e+02	3.504350145401787842e+01
6.230000000000000000e+02	3.502315921184850112e+01
6.240000000000000000e+02	3.500280574135747713e+01
6.250000000000000000e+02	3.498244103582702991e+01
6.260000000000000000e+02	3.496206508854063344e+01
6.270000000000000000e+02	3.494440337138331643e+01
6.280000000000000000e+02	3.492741487135958067e+01
6.290000000000000000e+02	3.491041855949227113e+01
6.300000000000000000e+02	3.489341443190306080e+01
6.310000000000000000e+02	3.487640248471417692e+01
6.320000000000000000e+02	3.485938271404864253e+01
6.330000000000000000e+02	3.484185012227258227e+01
6.340000000000000000e+02	3.482355136559285569e+01
6.350000000000000000e+02	3.480524356872695080e+01
6.360000000000000000e+02	3.478692672687395770e+01
6.370000000000000000e+02	3.476860083523393286e+01
6.380000000000000000e+02	3.475026588900802693e+01
6.390000000000000000e+02	3.473192188339839959e+01
6.400000000000000000e+02	3.471406199968271267e+01
6.410000000000000000e+02	3.469624835225477710e+01
6.420000000000000000e+02	3.467842616494436214e+01
6.430000000000000000e+02	3.466059543337450322e+01
6.440000000000000000e+02	3.464275615316928736e+01
6.450000000000000000e+02	3.462490831995376084e+01
6.460000000000000000e+02	3.460739775936411178e+01
6.470000000000000000e+02	3.459126290380881841e+01
6.480000000000000000e+02	3.457512106088724124e+01
6.490000000000000000e+02	3.455897222737912244e+01
6.500000000000000000e+02	3.454281640006484366e+01
6.510000000000000000e+02	3.452665357572558236e+01
6.520000000000000000e+02	3.451048375114324784e+01
6.530000000000000000e+02	3.449498056453089845e+01
6.540000000000000000e+02	3.448048180145313069e+01
6.550000000000000000e+02	3.446597741215656185e+01
6.560000000000000000e+02	3.445146739432913563e+01
6.570000000000000000e+02	3.443695174565930728e+01
6.580000000000000000e+02	3.442243046383598681e+01
6.590000000000000000e+02	3.440790354654867400e+01
6.600000000000000000e+02	3.439286941533985953e+01
6.610000000000000000e+02	3.437732746375248638e+01
6.620000000000000000e+02	3.436177906381622194e+01
6.630000000000000000e+02	3.434622421271104997e+01
6.640000000000000000e+02	3.433066290761780692e+01
6.650000000000000000e+02	3.431509514571801844e+01
6.660000000000000000e+02	3.429952092419390652e+01
6.670000000000000000e+02	3.428402681744049119e+01
6.680000000000000000e+02	3.426865623611480061e+01
6.690000000000000000e+02	3.425327936519030914e+01
6.700000000000000000e+02	3.423789620196792072e+01
6.710000000000000000e+02	3.422250674374939194e+01
6.720000000000000000e+02	3.420711098783709758e+01
6.730000000000000000e+02	3.419170893153422242e+01
6.740000000000000000e+02	3.417665651201385657e+01
6.750000000000000000e+02	3.416302236971909423e+01
6.760000000000000000e+02	3.414938329210829693e+01
6.770000000000000000e+02	3.413573927731727764e+01
6.780000000000000000e+02	3.412209032348221172e+01
6.790000000000000000e+02	3.410843642873989978e+01
6.800000000000000000e+02	3.409477759122749774e+01
6.810000000000000000e+02	3.408111380908280097e+01
6.820000000000000000e+02	3.406879778573178186e+01
6.830000000000000000e+02	3.405681602404230546e+01
6.840000000000000000e+02	3.404483046125458401e+01
6.850000000000000000e+02	3.403284109611668384e+01
6.860000000000000000e+02	3.402084792737694841e+01
6.870000000000000000e+02	3.400885095378404088e+01
6.880000000000000000e+02	3.399685017408694421e+01
6.890000000000000000e+02	3.398487677271338470e+01
6.900000000000000000e+02	3.397302436442735996e+01
6.910000000000000000e+02	3.396116824461962835e+01
6.920000000000000000e+02	3.394930841208847738e+01
6.930000000000000000e+02	3.393744486563251428e+01
6.940000000000000000e+02	3.392557760405066603e+01
6.950000000000000000e+02	3.391370662614212961e+01
6.960000000000000000e+02	3.390183193070643597e+01
6.970000000000000000e+02	3.389017627102565200e+01
6.980000000000000000e+02	3.387873985125436604e+01
6.990000000000000000e+02	3.386729998427056643e+01
7.000000000000000000e+02	3.385585666900494317e+01
7.010000000000000000e+02	3.384440990438847763e+01
7.020000000000000000e+02	3.383295968935235720e+01
7.030000000000000000e+02	3.382150602282818141e+01
7.040000000000000000e+02	3.381004890374769900e+01
7.050000000000000000e+02	3.379803014910660863e+01
7.060000000000000000e+02	3.378544922847255805e+01
7.070000000000000000e+02	3.377286414597361386e+01
7.080000000000000000e+02	3.376027490019972532e+01
7.090000000000000000e+02	3.374768148974121829e+01
7.100000000000000000e+02	3.373508391318880939e+01
7.110000000000000000e+02	3.372248216913375529e+01
7.120000000000000000e+02	3.370987625616761818e+01
7.130000000000000000e+02	3.369882266732510345e+01
7.140000000000000000e+02	3.369010117260355486e+01
7.150000000000000000e+02	3.368137768290705480e+01
7.160000000000000000e+02	3.367265219777048912e+01
7.170000000000000000e+02	3.366392471672881470e+01
7.180000000000000000e+02	3.365519523931713053e+01
7.190000000000000000e+02	3.364646376507061376e+01
7.200000000000000000e+02	3.363773029352456945e+01
7.210000000000000000e+02	3.362857488409966322e+01
7.220000000000000000e+02	3.361773707035109737e+01
7.230000000000000000e+02	3.360689618153973868e+01
7.240000000000000000e+02	3.359605221677970377e+01
7.250000000000000000e+02	3.358520517518541482e+01
7.260000000000000000e+02	3.357435505587147162e+01
7.270000000000000000e+02	3.356350185795280083e+01
7.280000000000000000e+02	3.355264558054451385e+01
7.290000000000000000e+02	3.354178622276202759e+01
7.300000000000000000e+02	3.353274966581320626e+01
7.310000000000000000e+02	3.352449365475283827e+01
7.320000000000000000e+02	3.351623586362346430e+01
7.330000000000000000e+02	3.350797629203727013e+01
7.340000000000000000e+02	3.349971493960662627e+01
7.350000000000000000e+02	3.349145180594393878e+01
7.360000000000000000e+02	3.348318689066167053e+01
7.370000000000000000e+02	3.347492019337247626e+01
7.380000000000000000e+02	3.346665171368896097e+01
7.390000000000000000e+02	3.345625717951481448e+01
7.400000000000000000e+02	3.344585982848843031e+01
7.410000000000000000e+02	3.343545965984147017e+01
7.420000000000000000e+02	3.342505667280585868e+01
7.430000000000000000e+02	3.341465086661365547e+01
7.440000000000000000e+02	3.340424224049719015e+01
7.450000000000000000e+02	3.339383079368911211e+01
7.460000000000000000e+02	3.338341652542218441e+01
7.470000000000000000e+02	3.337313554942590343e+01
7.480000000000000000e+02	3.336407716014861080e+01
7.490000000000000000e+02	3.335501663682973827e+01
7.500000000000000000e+02	3.334595397896578106e+01
7.510000000000000000e+02	3.333688918605342622e+01
7.520000000000000000e+02	3.332782225758943184e+01
7.530000000000000000e+02	3.331875319307069816e+01
7.540000000000000000e+02	3.330968199199428881e+01
7.550000000000000000e+02	3.330060865385745217e+01
7.560000000000000000e+02	3.329153317815741531e+01
7.570000000000000000e+02	3.328376121307846347e+01
7.580000000000000000e+02	3.327598768037734800e+01
7.590000000000000000e+02	3.326821257973877266e+01
7.600000000000000000e+02	3.326043591084763307e+01
7.610000000000000000e+02	3.325265767338883904e+01
7.620000000000000000e+02	3.324487786704732173e+01
7.630000000000000000e+02	3.323709649150817569e+01
7.640000000000000000e+02	3.322931354645652391e+01
7.650000000000000000e+02	3.322152903157761017e+01
7.660000000000000000e+02	3.321391328396649101e+01
7.670000000000000000e+02	3.320636904978068316e+01
7.680000000000000000e+02	3.319882334147857961e+01
7.690000000000000000e+02	3.319127615877432191e+01
7.700000000000000000e+02	3.318372750138211558e+01
7.710000000000000000e+02	3.317617736901608794e+01
7.720000000000000000e+02	3.316862576139062213e+01
7.730000000000000000e+02	3.316107267822003735e+01
7.740000000000000000e+02	3.315351811921880198e+01
7.750000000000000000e+02	3.314576600406473261e+01
7.760000000000000000e+02	3.313624721605562939e+01
7.770000000000000000e+02	3.312672608548163566e+01
7.780000000000000000e+02	3.311720261177286773e+01
7.790000000000000000e+02	3.310767679435960531e+01
7.800000000000000000e+02	3.309814863267231999e+01
7.810000000000000000e+02	3.308861812614162545e+01
7.820000000000000000e+02	3.307908527419839118e+01
7.830000000000000000e+02	3.306955007627362164e+01
7.840000000000000000e+02	3.306001253179851318e+01
7.850000000000000000e+02	3.305086624651295324e+01
7.860000000000000000e+02	3.304263641913641436e+01
7.870000000000000000e+02	3.303440484500904972e+01
7.880000000000000000e+02	3.302617152376644327e+01
7.890000000000000000e+02	3.301793645504415764e+01
7.900000000000000000e+02	3.300969963847791178e+01
7.910000000000000000e+02	3.300146107370355253e+01
7.920000000000000000e+02	3.299322076035698359e+01
7.930000000000000000e+02	3.298497869807422234e+01
7.940000000000000000e+02	3.297673488649144957e+01
7.950000000000000000e+02	3.296831919208675288e+01
7.960000000000000000e+02	3.295922098719388060e+01
7.970000000000000000e+02	3.295012065210494967e+01
7.980000000000000000e+02	3.294101818633210854e+01
7.990000000000000000e+02	3.293191358938756963e+01
8.000000000000000000e+02	3.292280686078381535e+01
8.010000000000000000e+02	3.291369800003344892e+01
8.020000000000000000e+02	3.290458700664913039e+01
8.030000000000000000e+02	3.289547388014394613e+01
8.040000000000000000e+02	3.288635862003082622e+01
8.050000000000000000e+02	3.287724122582310571e+01
8.060000000000000000e+02	3.287012645576090364e+01
8.070000000000000000e+02	3.286323317144707801e+01
8.080000000000000000e+02	3.285633866747421905e+01
8.090000000000000000e+02	3.284944294363248218e+01
8.100000000000000000e+02	3.284254599971199440e+01
8.110000000000000000e+02	3.283564783550296795e+01
8.120000000000000000e+02	3.282874845079572879e+01
8.130000000000000000e+02	3.282184784538063838e+01
8.140000000000000000e+02	3.281494601904805108e+01
8.150000000000000000e+02	3.280804297158838523e+01
8.160000000000000000e+02	3.280090793614916578e+01
8.170000000000000000e+02	3.279323303688400415e+01
8.180000000000000000e+02	3.278555662845062102e+01
8.190000000000000000e+02	3.277787871056158053e+01
8.200000000000000000e+02	3.277019928292963868e+01
8.210000000000000000e+02	3.276251834526764384e+01
8.220000000000000000e+02	3.275483589728844436e+01
8.230000000000000000e+02	3.274715193870505203e+01
8.240000000000000000e+02	3.273946646923050707e+01
8.250000000000000000e+02	3.273177948857799180e+01
8.260000000000000000e+02	3.272409099646075958e+01
8.270000000000000000e+02	3.269111510575476132e+01
8.280000000000000000e+02	3.262011992900790602e+01
8.290000000000000000e+02	3.254899599870177695e+01
8.300000000000000000e+02	3.247774309168689655e+01
8.310000000000000000e+02	3.247299864370639000e+01
8.320000000000000000e+02	3.246825362393555992e+01
8.330000000000000000e+02	3.246350803230904347e+01
8.340000000000000000e+02	3.245876186876145653e+01
8.350000000000000000e+02	3.245401513322747888e+01
8.360000000000000000e+02	3.244926782564178325e+01
8.370000000000000000e+02	3.244451994593904942e+01
8.380000000000000000e+02	3.243977149405400695e+01
8.390000000000000000e+02	3.243502246992130722e+01
8.400000000000000000e+02	3.243027287347574372e+01
8.410000000000000000e+02	3.242372804745664183e+01
8.420000000000000000e+02	3.241718213473772892e+01
8.430000000000000000e+02	3.241063513514842498e+01
8.440000000000000000e+02	3.240408704851820687e+01
8.450000000000000000e+02	3.239753787467659407e+01
8.460000000000000000e+02	3.239098761345314870e+01
8.470000000000000000e+02	3.238443626467750391e+01
8.480000000000000000e+02	3.237788382817930000e+01
8.490000000000000000e+02	3.237133030378832643e+01
8.500000000000000000e+02	3.236477569133430165e+01
8.510000000000000000e+02	3.235843148185048079e+01
8.520000000000000000e+02	3.235208625305544672e+01
8.530000000000000000e+02	3.234574000479508982e+01
8.540000000000000000e+02	3.233939273691529337e+01
8.550000000000000000e+02	3.233304444926200460e+01
8.560000000000000000e+02	3.232669514168124891e+01
8.570000000000000000e+02	3.232034481401903747e+01
8.580000000000000000e+02	3.231399346612147383e+01
8.590000000000000000e+02	3.230764109783464733e+01
8.600000000000000000e+02	3.230128770900482493e+01
8.610000000000000000e+02	3.229525104419839465e+01
8.620000000000000000e+02	3.228921345808127086e+01
8.630000000000000000e+02	3.228317495052169761e+01
8.640000000000000000e+02	3.227713552138796160e+01
8.650000000000000000e+02	3.227109517054834242e+01
8.660000000000000000e+02	3.226505389787117650e+01
8.670000000000000000e+02	3.225901170322485711e+01
8.680000000000000000e+02	3.225296858647783438e+01
8.690000000000000000e+02	3.224692454749852288e+01
8.700000000000000000e+02	3.224087958615547223e+01
8.710000000000000000e+02	3.223504585420992896e+01
8.720000000000000000e+02	3.222921126325189078e+01
8.730000000000000000e+02	3.222337581316325839e+01
8.740000000000000000e+02	3.221753950382606746e+01
8.750000000000000000e+02	3.221170233512237502e+01
8.760000000000000000e+02	3.220586430693418123e+01
8.770000000000000000e+02	3.220002541914363547e+01
8.780000000000000000e+02	3.219418567163283029e+01
8.790000000000000000e+02	3.218834506428395059e+01
8.800000000000000000e+02	3.218250359697923102e+01
8.810000000000000000e+02	3.217687373293956199e+01
8.820000000000000000e+02	3.217124307013439477e+01
8.830000000000000000e+02	3.216561160845845535e+01
8.840000000000000000e+02	3.215997934780644130e+01
8.850000000000000000e+02	3.215434628807302886e+01
8.860000000000000000e+02	3.214871242915307903e+01
8.870000000000000000e+02	3.214307777094132490e+01
8.880000000000000000e+02	3.213744231333258483e+01
8.890000000000000000e+02	3.213180605622174824e+01
8.900000000000000000e+02	3.212616899950369742e+01
8.910000000000000000e+02	3.212074390689335956e+01
8.920000000000000000e+02	3.211531807369396319e+01
8.930000000000000000e+02	3.210989149981194402e+01
8.940000000000000000e+02	3.210446418515373068e+01
8.950000000000000000e+02	3.209903612962581576e+01
8.960000000000000000e+02	3.209360733313467051e+01
8.970000000000000000e+02	3.208817779558680883e+01
8.980000000000000000e+02	3.208274751688885118e+01
8.990000000000000000e+02	3.207731649694728304e+01
9.000000000000000000e+02	3.207188473566875331e+01
9.010000000000000000e+02	3.206666528625071777e+01
9.020000000000000000e+02	3.206144515233071246e+01
9.030000000000000000e+02	3.205622433382599468e+01
9.040000000000000000e+02	3.205100283065378619e+01
9.050000000000000000e+02	3.204578064273142246e+01
9.060000000000000000e+02	3.204055776997617500e+01
9.070000000000000000e+02	3.203533421230538636e+01
9.080000000000000000e+02	3.203010996963634227e+01
9.090000000000000000e+02	3.202488504188644924e+01
9.100000000000000000e+02	3.201965942897314221e+01
9.110000000000000000e+02	3.201464646252082247e+01
9.120000000000000000e+02	3.200963286554650011e+01
9.130000000000000000e+02	3.200461863797726636e+01
9.140000000000000000e+02	3.199960377974029768e+01
9.150000000000000000e+02	3.199458829076282029e+01
9.160000000000000000e+02	3.198957217097204619e+01
9.170000000000000000e+02	3.198455542029520871e+01
9.180000000000000000e+02	3.197953803865954470e+01
9.190000000000000000e+02	3.197452002599236920e+01
9.200000000000000000e+02	3.196950138222091553e+01
9.210000000000000000e+02	3.196469570629935575e+01
9.220000000000000000e+02	3.195988945171136564e+01
9.230000000000000000e+02	3.195508261839316688e+01
9.240000000000000000e+02	3.195027520628099182e+01
9.250000000000000000e+02	3.194546721531115807e+01
9.260000000000000000e+02	3.194065864541992994e+01
9.270000000000000000e+02	3.193584949654357175e+01
9.280000000000000000e+02	3.193103976861849702e+01
9.290000000000000000e+02	3.192622946158095587e+01
9.300000000000000000e+02	3.192141857536735117e+01
9.310000000000000000e+02	3.191671403766197557e+01
9.320000000000000000e+02	3.191200894611536043e+01
9.330000000000000000e+02	3.190730330066806175e+01
9.340000000000000000e+02	3.190259710126063197e+01
9.350000000000000000e+02	3.189789034783366262e+01
9.360000000000000000e+02	3.189318304032778428e+01
9.370000000000000000e+02	3.188847517868352810e+01
9.380000000000000000e+02	3.188376676284158506e+01
9.390000000000000000e+02	3.187905779274257512e+01
9.400000000000000000e+02	3.187434826832716794e+01
9.410000000000000000e+02	3.186974524293823663e+01
9.420000000000000000e+02	3.186514168803077851e+01
9.430000000000000000e+02	3.186053760354942810e+01
9.440000000000000000e+02	3.185593298943885188e+01
9.450000000000000000e+02	3.185132784564374120e+01
9.460000000000000000e+02	3.184672217210878387e+01
9.470000000000000000e+02	3.184211596877871031e+01
9.480000000000000000e+02	3.183750923559825452e+01
9.490000000000000000e+02	3.183290197251211850e+01
9.500000000000000000e+02	3.182829417946508954e+01
9.510000000000000000e+02	3.182400738451348587e+01
9.520000000000000000e+02	3.181972013087715467e+01
9.530000000000000000e+02	3.181543241851171899e+01
9.540000000000000000e+02	3.181114424737274504e+01
9.550000000000000000e+02	3.180685561741580614e+01
9.560000000000000000e+02	3.180256652859648625e+01
9.570000000000000000e+02	3.179827698087041199e+01
9.580000000000000000e+02	3.179398697419321707e+01
9.590000000000000000e+02	3.178969650852049256e+01
9.600000000000000000e+02	3.178540558380790770e+01
9.610000000000000000e+02	3.178111420001110687e+01
9.620000000000000000e+02	3.177682235708574154e+01
9.630000000000000000e+02	3.177253005498751293e+01
9.640000000000000000e+02	3.176823729367207605e+01
9.650000000000000000e+02	3.176394407309513568e+01
9.660000000000000000e+02	3.175965039321240369e+01
9.670000000000000000e+02	3.175535625397959549e+01
9.680000000000000000e+02	3.175106165535243719e+01
9.690000000000000000e+02	3.174676659728666195e+01
9.700000000000000000e+02	3.174247107973805626e+01
9.710000000000000000e+02	3.173838991243055219e+01
9.720000000000000000e+02	3.173430833036197640e+01
9.730000000000000000e+02	3.173022633349434329e+01
9.740000000000000000e+02	3.172614392178976317e+01
9.750000000000000000e+02	3.172206109521037476e+01
9.760000000000000000e+02	3.171797785371828837e+01
9.770000000000000000e+02	3.171389419727560366e+01
9.780000000000000000e+02	3.170981012584448422e+01
9.790000000000000000e+02	3.170572563938707944e+01
9.800000000000000000e+02	3.170164073786551739e+01
9.810000000000000000e+02	3.169766293489261244e+01
9.820000000000000000e+02	3.169368473834283151e+01
9.830000000000000000e+02	3.168970614818122300e+01
9.840000000000000000e+02	3.168572716437290637e+01
9.850000000000000000e+02	3.168174778688300108e+01
9.860000000000000000e+02	3.167776801567660527e+01
9.870000000000000000e+02	3.167378785071886682e+01
9.880000000000000000e+02	3.166980729197482702e+01
9.890000000000000000e+02	3.166582633940975455e+01
9.900000000000000000e+02	3.166184499298870847e+01
9.910000000000000000e+02	3.165797087245917396e+01
9.920000000000000000e+02	3.165409637901045059e+01
9.930000000000000000e+02	3.165022151261041117e+01
9.940000000000000000e+02	3.164634627322703864e+01
9.950000000000000000e+02	3.164247066082820936e+01
9.960000000000000000e+02	3.163859467538192050e+01
9.970000000000000000e+02	3.163471831685609814e+01
9.980000000000000000e+02	3.163084158521871814e+01
9.990000000000000000e+02	3.162696448043770658e+01
