488.501	0.059
488.657	0.062
488.812	0.062
488.968	0.063
489.124	0.063
489.280	0.061
489.435	0.066
489.591	0.064
489.747	0.065
489.903	0.066
490.058	0.068
490.214	0.069
490.370	0.070
490.526	0.073
490.682	0.071
490.837	0.072
490.993	0.074
491.149	0.076
491.305	0.075
491.461	0.074
491.617	0.075
491.773	0.077
491.929	0.078
492.084	0.078
492.240	0.080
492.396	0.080
492.552	0.084
492.708	0.082
492.864	0.084
493.020	0.085
493.176	0.084
493.332	0.086
493.488	0.087
493.644	0.086
493.800	0.088
493.956	0.088
494.112	0.090
494.268	0.090
494.424	0.092
494.581	0.091
494.737	0.093
494.893	0.094
495.049	0.095
495.205	0.094
495.361	0.094
495.517	0.096
495.673	0.096
495.830	0.097
495.986	0.100
496.142	0.098
496.298	0.098
496.454	0.098
496.611	0.101
496.767	0.100
496.923	0.101
497.079	0.103
497.236	0.102
497.392	0.101
497.548	0.103
497.704	0.105
497.861	0.106
498.017	0.106
498.173	0.105
498.330	0.105
498.486	0.108
498.642	0.107
498.799	0.109
498.955	0.107
499.112	0.110
499.268	0.109
499.424	0.111
499.581	0.112
499.737	0.111
499.894	0.113
500.050	0.113
500.207	0.114
500.363	0.114
500.519	0.113
500.676	0.116
500.832	0.114
500.989	0.116
501.146	0.116
501.302	0.118
501.459	0.117
501.615	0.116
501.772	0.117
501.928	0.120
502.085	0.117
502.241	0.122
502.398	0.120
502.555	0.120
502.711	0.119
502.868	0.122
503.025	0.119
503.181	0.122
503.338	0.120
503.495	0.122
503.651	0.123
503.808	0.124
503.965	0.122
504.121	0.125
504.278	0.123
504.435	0.124
504.592	0.126
504.748	0.126
504.905	0.126
505.062	0.125
505.219	0.125
505.375	0.127
505.532	0.127
505.689	0.129
505.846	0.125
506.003	0.129
506.160	0.128
506.317	0.128
506.473	0.128
506.630	0.129
506.787	0.129
506.944	0.132
507.101	0.130
507.258	0.130
507.415	0.130
507.572	0.132
507.729	0.131
507.886	0.130
508.043	0.131
508.200	0.134
508.357	0.129
508.514	0.132
508.671	0.132
508.828	0.133
508.985	0.132
509.142	0.132
509.299	0.130
509.456	0.132
509.613	0.136
509.770	0.135
509.927	0.133
510.084	0.133
510.241	0.133
510.398	0.135
510.556	0.136
510.713	0.135
510.870	0.134
511.027	0.135
511.184	0.134
511.341	0.135
511.499	0.132
511.656	0.134
511.813	0.133
511.970	0.136
512.127	0.135
512.285	0.134
512.442	0.134
512.599	0.136
512.757	0.134
512.914	0.134
513.071	0.136
513.228	0.136
513.386	0.135
513.543	0.136
513.700	0.137
513.858	0.138
514.015	0.136
514.172	0.138
514.330	0.137
514.487	0.139
514.645	0.135
514.802	0.140
514.959	0.136
515.117	0.139
515.274	0.139
515.432	0.139
515.589	0.138
515.747	0.141
515.904	0.140
516.062	0.140
516.219	0.137
516.377	0.139
516.534	0.138
516.692	0.140
516.849	0.140
517.007	0.141
517.164	0.138
517.322	0.141
517.479	0.138
517.637	0.141
517.795	0.141
517.952	0.143
518.110	0.141
518.267	0.141
518.425	0.140
518.583	0.143
518.740	0.143
518.898	0.143
519.056	0.140
519.213	0.141
519.371	0.139
519.529	0.143
519.686	0.142
519.844	0.142
520.002	0.141
520.160	0.141
520.317	0.142
520.475	0.143
520.633	0.143
520.791	0.143
520.949	0.142
521.106	0.144
521.264	0.141
521.422	0.144
521.580	0.142
521.738	0.144
521.895	0.145
522.053	0.147
522.211	0.143
522.369	0.145
522.527	0.143
522.685	0.143
522.843	0.144
523.001	0.144
523.159	0.144
523.317	0.147
523.475	0.145
523.632	0.144
523.790	0.143
523.948	0.144
524.106	0.141
524.264	0.141
524.422	0.142
524.580	0.143
524.738	0.142
524.897	0.143
525.055	0.144
525.213	0.144
525.371	0.143
525.529	0.144
525.687	0.142
525.845	0.143
526.003	0.143
526.161	0.145
526.319	0.144
526.477	0.142
526.636	0.143
526.794	0.144
526.952	0.144
527.110	0.145
527.268	0.143
527.426	0.144
527.585	0.144
527.743	0.143
527.901	0.144
528.059	0.145
528.217	0.145
528.376	0.147
528.534	0.144
528.692	0.145
528.851	0.144
529.009	0.145
529.167	0.145
529.325	0.147
529.484	0.149
529.642	0.151
529.800	0.150
529.959	0.151
530.117	0.151
530.275	0.151
530.434	0.150
530.592	0.151
530.751	0.151
530.909	0.148
531.067	0.153
531.226	0.152
531.384	0.153
531.543	0.151
531.701	0.150
531.860	0.154
532.018	0.154
532.177	0.151
532.335	0.153
532.494	0.153
532.652	0.152
532.811	0.155
532.969	0.154
533.128	0.155
533.286	0.155
533.445	0.155
533.603	0.155
533.762	0.154
533.920	0.156
534.079	0.157
534.238	0.155
534.396	0.159
534.555	0.155
534.714	0.156
534.872	0.158
535.031	0.157
535.189	0.157
535.348	0.159
535.507	0.156
535.666	0.157
535.824	0.157
535.983	0.158
536.142	0.155
536.300	0.160
536.459	0.159
536.618	0.160
536.777	0.160
536.935	0.159
537.094	0.159
537.253	0.161
537.412	0.160
537.570	0.162
537.729	0.160
537.888	0.160
538.047	0.159
538.206	0.165
538.365	0.164
538.523	0.164
538.682	0.165
538.841	0.164
539.000	0.161
539.159	0.165
539.318	0.166
539.477	0.164
539.636	0.164
539.795	0.167
539.954	0.167
540.113	0.167
540.272	0.166
540.430	0.167
540.589	0.168
540.748	0.169
540.907	0.168
541.066	0.168
541.225	0.168
541.385	0.170
541.544	0.169
541.703	0.169
541.862	0.168
542.021	0.170
542.180	0.168
542.339	0.173
542.498	0.171
542.657	0.173
542.816	0.170
542.975	0.173
543.134	0.173
543.294	0.174
543.453	0.174
543.612	0.175
543.771	0.175
543.930	0.176
544.089	0.175
544.249	0.178
544.408	0.176
544.567	0.176
544.726	0.176
544.885	0.179
545.045	0.175
545.204	0.180
545.363	0.178
545.522	0.181
545.682	0.180
545.841	0.181
546.000	0.178
546.160	0.181
546.319	0.181
546.478	0.185
546.638	0.180
546.797	0.183
546.956	0.183
547.116	0.183
547.275	0.183
547.434	0.186
547.594	0.183
547.753	0.185
547.912	0.186
548.072	0.185
548.231	0.187
548.391	0.187
548.550	0.188
548.710	0.188
548.869	0.188
549.029	0.191
549.188	0.189
549.348	0.191
549.507	0.188
549.667	0.191
549.826	0.189
549.986	0.193
550.145	0.190
550.305	0.193
550.464	0.192
550.624	0.194
550.783	0.194
550.943	0.194
551.102	0.196
551.262	0.195
551.422	0.196
551.581	0.196
551.741	0.197
551.901	0.197
552.060	0.197
552.220	0.200
552.379	0.199
552.539	0.199
552.699	0.200
552.858	0.203
553.018	0.200
553.178	0.203
553.338	0.200
553.497	0.203
553.657	0.203
553.817	0.207
553.977	0.204
554.136	0.209
554.296	0.205
554.456	0.205
554.616	0.205
554.775	0.206
554.935	0.207
555.095	0.208
555.255	0.207
555.415	0.210
555.574	0.207
555.734	0.211
555.894	0.211
556.054	0.213
556.214	0.210
556.374	0.212
556.534	0.212
556.694	0.211
556.854	0.214
557.013	0.214
557.173	0.214
557.333	0.217
557.493	0.210
557.653	0.213
557.813	0.214
557.973	0.216
558.133	0.218
558.293	0.218
558.453	0.219
558.613	0.217
558.773	0.219
558.933	0.220
559.093	0.219
559.253	0.219
559.413	0.218
559.573	0.220
559.733	0.220
559.893	0.221
560.054	0.218
560.214	0.222
560.374	0.222
560.534	0.221
560.694	0.220
560.854	0.222
561.014	0.219
561.174	0.220
561.335	0.221
561.495	0.223
561.655	0.223
561.815	0.224
561.975	0.226
562.135	0.226
562.296	0.222
562.456	0.227
562.616	0.223
562.776	0.226
562.937	0.225
563.097	0.224
563.257	0.223
563.417	0.224
563.578	0.224
563.738	0.229
563.898	0.226
564.059	0.225
564.219	0.227
564.379	0.228
564.540	0.227
564.700	0.229
564.860	0.228
565.021	0.227
565.181	0.227
565.341	0.229
565.502	0.227
565.662	0.229
565.822	0.228
565.983	0.227
566.143	0.227
566.304	0.230
566.464	0.228
566.625	0.229
566.785	0.230
566.946	0.232
567.106	0.231
567.266	0.231
567.427	0.229
567.587	0.230
567.748	0.232
567.908	0.230
568.069	0.229
568.230	0.232
568.390	0.229
568.551	0.231
568.711	0.230
568.872	0.233
569.032	0.230
569.193	0.231
569.354	0.230
569.514	0.233
569.675	0.231
569.835	0.233
569.996	0.228
570.157	0.231
570.317	0.231
570.478	0.231
570.639	0.231
570.799	0.234
570.960	0.230
571.121	0.232
571.281	0.232
571.442	0.233
571.603	0.232
571.763	0.234
571.924	0.231
572.085	0.233
572.246	0.231
572.406	0.232
572.567	0.231
572.728	0.232
572.889	0.230
573.049	0.231
573.210	0.230
573.371	0.231
573.532	0.230
573.693	0.232
573.854	0.230
574.014	0.232
574.175	0.229
574.336	0.229
574.497	0.231
574.658	0.232
574.819	0.231
574.980	0.229
575.141	0.231
575.301	0.232
575.462	0.230
575.623	0.233
575.784	0.229
575.945	0.230
576.106	0.231
576.267	0.231
576.428	0.229
576.589	0.229
576.750	0.228
576.911	0.230
577.072	0.228
577.233	0.231
577.394	0.226
577.555	0.231
577.716	0.226
577.877	0.228
578.038	0.227
578.199	0.226
578.360	0.222
578.521	0.226
578.682	0.226
578.843	0.226
579.005	0.226
579.166	0.224
579.327	0.225
579.488	0.225
579.649	0.222
579.810	0.226
579.971	0.225
580.133	0.225
580.294	0.223
580.455	0.225
580.616	0.222
580.777	0.226
580.938	0.223
581.100	0.224
581.261	0.218
581.422	0.224
581.583	0.221
581.745	0.222
581.906	0.218
582.067	0.221
582.228	0.217
582.390	0.220
582.551	0.219
582.712	0.218
582.874	0.218
583.035	0.218
583.196	0.217
583.357	0.215
583.519	0.217
583.680	0.217
583.841	0.211
584.003	0.216
584.164	0.213
584.326	0.217
584.487	0.214
584.648	0.213
584.810	0.213
584.971	0.215
585.133	0.213
585.294	0.213
585.455	0.212
585.617	0.213
585.778	0.211
585.940	0.214
586.101	0.212
586.263	0.210
586.424	0.210
586.586	0.209
586.747	0.208
586.909	0.209
587.070	0.207
587.232	0.210
587.393	0.210
587.555	0.208
587.716	0.207
587.878	0.207
588.039	0.206
588.201	0.208
588.363	0.206
588.524	0.206
588.686	0.204
588.847	0.205
589.009	0.201
589.171	0.206
589.332	0.206
589.494	0.206
589.656	0.205
589.817	0.205
589.979	0.201
590.141	0.205
590.302	0.204
590.464	0.203
590.626	0.201
590.787	0.202
590.949	0.202
591.111	0.204
591.272	0.202
591.434	0.204
591.596	0.199
591.758	0.201
591.919	0.201
592.081	0.204
592.243	0.204
592.405	0.203
592.566	0.202
592.728	0.204
592.890	0.202
593.052	0.203
593.214	0.202
593.376	0.203
593.537	0.202
593.699	0.203
593.861	0.200
594.023	0.202
594.185	0.201
594.347	0.204
594.509	0.201
594.670	0.202
594.832	0.201
594.994	0.201
595.156	0.202
595.318	0.205
595.480	0.201
595.642	0.202
595.804	0.203
595.966	0.206
596.128	0.201
596.290	0.204
596.452	0.201
596.614	0.205
596.776	0.203
596.938	0.203
597.100	0.202
597.262	0.206
597.424	0.202
597.586	0.203
597.748	0.202
597.910	0.205
598.072	0.203
598.234	0.204
598.396	0.201
598.558	0.202
598.720	0.202
598.882	0.203
599.045	0.205
599.207	0.206
599.369	0.205
599.531	0.208
599.693	0.206
599.855	0.208
600.017	0.206
600.180	0.208
600.342	0.204
600.504	0.207
600.666	0.207
600.828	0.207
600.990	0.206
601.153	0.205
601.315	0.206
601.477	0.207
601.639	0.206
601.802	0.210
601.964	0.209
602.126	0.213
602.288	0.208
602.451	0.209
602.613	0.207
602.775	0.210
602.938	0.209
603.100	0.207
603.262	0.207
603.424	0.211
603.587	0.207
603.749	0.210
603.911	0.211
604.074	0.210
604.236	0.208
604.399	0.208
604.561	0.208
604.723	0.210
604.886	0.209
605.048	0.212
605.210	0.211
605.373	0.213
605.535	0.211
605.698	0.210
605.860	0.207
606.023	0.212
606.185	0.211
606.347	0.212
606.510	0.210
606.672	0.210
606.835	0.209
606.997	0.212
607.160	0.210
607.322	0.214
607.485	0.210
607.647	0.212
607.810	0.214
607.972	0.213
608.135	0.209
608.298	0.212
608.460	0.211
608.623	0.213
608.785	0.211
608.948	0.212
609.110	0.213
609.273	0.213
609.436	0.212
609.598	0.213
609.761	0.212
609.923	0.212
610.086	0.213
610.249	0.214
610.411	0.212
610.574	0.214
610.737	0.211
610.899	0.212
611.062	0.211
611.225	0.212
611.387	0.210
611.550	0.217
611.713	0.212
611.876	0.213
612.038	0.211
612.201	0.213
612.364	0.212
612.526	0.212
612.689	0.214
612.852	0.214
613.015	0.213
613.178	0.213
613.340	0.213
613.503	0.213
613.666	0.214
613.829	0.215
613.992	0.211
614.154	0.215
614.317	0.215
614.480	0.213
614.643	0.212
614.806	0.213
614.969	0.215
615.131	0.216
615.294	0.215
615.457	0.215
615.620	0.214
615.783	0.217
615.946	0.213
616.109	0.212
616.272	0.212
616.435	0.213
616.598	0.212
616.761	0.215
616.923	0.213
617.086	0.211
617.249	0.214
617.412	0.217
617.575	0.214
617.738	0.214
617.901	0.214
618.064	0.215
618.227	0.210
618.390	0.214
618.553	0.211
618.716	0.215
618.879	0.212
619.042	0.214
619.205	0.212
619.369	0.217
619.532	0.212
619.695	0.215
619.858	0.213
620.021	0.216
620.184	0.213
620.347	0.212
620.510	0.214
620.673	0.216
620.836	0.217
621.000	0.215
621.163	0.213
621.326	0.214
621.489	0.212
621.652	0.215
621.815	0.211
621.978	0.214
622.142	0.213
622.305	0.213
622.468	0.210
622.631	0.216
622.794	0.212
622.958	0.213
623.121	0.211
623.284	0.212
623.447	0.213
623.611	0.215
623.774	0.211
623.937	0.212
624.100	0.213
624.264	0.213
624.427	0.210
624.590	0.211
624.754	0.209
624.917	0.211
625.080	0.210
625.244	0.211
625.407	0.210
625.570	0.212
625.734	0.209
625.897	0.212
626.060	0.207
626.224	0.211
626.387	0.208
626.550	0.209
626.714	0.207
626.877	0.213
627.041	0.209
627.204	0.211
627.367	0.210
627.531	0.211
627.694	0.207
627.858	0.210
628.021	0.208
628.185	0.209
628.348	0.207
628.511	0.210
628.675	0.208
628.838	0.208
629.002	0.208
629.165	0.209
629.329	0.207
629.492	0.207
629.656	0.206
629.819	0.206
629.983	0.206
630.147	0.209
630.310	0.206
630.474	0.208
630.637	0.206
630.801	0.208
630.964	0.206
631.128	0.205
631.291	0.204
631.455	0.205
631.619	0.205
631.782	0.205
631.946	0.206
632.110	0.204
632.273	0.204
632.437	0.204
632.600	0.203
632.764	0.204
632.928	0.202
633.091	0.204
633.255	0.203
633.419	0.205
633.582	0.200
633.746	0.203
633.910	0.203
634.074	0.203
634.237	0.202
634.401	0.204
634.565	0.199
634.728	0.202
634.892	0.199
635.056	0.201
635.220	0.199
635.383	0.201
635.547	0.199
635.711	0.202
635.875	0.201
636.039	0.199
636.202	0.201
636.366	0.201
636.530	0.200
636.694	0.202
636.858	0.200
637.021	0.201
637.185	0.199
637.349	0.200
637.513	0.199
637.677	0.199
637.841	0.196
638.005	0.197
638.168	0.199
638.332	0.200
638.496	0.199
638.660	0.200
638.824	0.197
638.988	0.199
639.152	0.194
639.316	0.198
639.480	0.197
639.644	0.198
639.808	0.198
639.972	0.199
640.135	0.196
640.299	0.198
640.463	0.195
640.627	0.195
640.791	0.195
640.955	0.198
641.119	0.194
641.283	0.198
641.447	0.197
641.611	0.198
641.775	0.194
641.940	0.197
642.104	0.194
642.268	0.194
642.432	0.195
642.596	0.196
642.760	0.195
642.924	0.200
643.088	0.190
643.252	0.194
643.416	0.194
643.580	0.192
643.744	0.192
643.908	0.196
644.073	0.191
644.237	0.193
644.401	0.192
644.565	0.197
644.729	0.192
644.893	0.192
645.058	0.190
645.222	0.194
645.386	0.190
645.550	0.193
645.714	0.191
645.878	0.193
646.043	0.192
646.207	0.191
646.371	0.192
646.535	0.192
646.700	0.191
646.864	0.193
647.028	0.192
647.192	0.191
647.357	0.190
647.521	0.188
647.685	0.188
647.849	0.191
648.014	0.186
648.178	0.188
648.342	0.184
648.507	0.186
648.671	0.186
648.835	0.185
649.000	0.183
649.164	0.186
649.328	0.183
649.493	0.184
649.657	0.185
649.821	0.183
649.986	0.179
650.150	0.182
650.314	0.178
650.479	0.179
650.643	0.179
650.808	0.180
650.972	0.177
651.136	0.178
651.301	0.179
651.465	0.178
651.630	0.175
651.794	0.177
651.959	0.176
652.123	0.179
652.287	0.177
652.452	0.178
652.616	0.176
652.781	0.179
652.945	0.175
653.110	0.179
653.274	0.175
653.439	0.178
653.603	0.175
653.768	0.177
653.932	0.176
654.097	0.176
654.261	0.176
654.426	0.179
654.591	0.178
654.755	0.177
654.920	0.177
655.084	0.176
655.249	0.176
655.413	0.179
655.578	0.176
655.743	0.178
655.907	0.177
656.072	0.178
656.236	0.176
656.401	0.179
656.566	0.176
656.730	0.176
656.895	0.175
657.060	0.180
657.224	0.178
657.389	0.180
657.554	0.178
657.718	0.182
657.883	0.177
658.048	0.179
658.212	0.180
658.377	0.179
658.542	0.177
658.706	0.180
658.871	0.176
659.036	0.179
659.201	0.176
659.365	0.178
659.530	0.177
659.695	0.181
659.860	0.180
660.024	0.183
660.189	0.181
660.354	0.178
660.519	0.180
660.683	0.184
660.848	0.181
661.013	0.184
661.178	0.182
661.343	0.184
661.507	0.182
661.672	0.183
661.837	0.184
662.002	0.183
662.167	0.183
662.332	0.184
662.496	0.189
662.661	0.185
662.826	0.184
662.991	0.186
663.156	0.187
663.321	0.187
663.486	0.187
663.651	0.188
663.816	0.187
663.980	0.186
664.145	0.186
664.310	0.188
664.475	0.188
664.640	0.191
664.805	0.191
664.970	0.192
665.135	0.190
665.300	0.192
665.465	0.192
665.630	0.195
665.795	0.191
665.960	0.193
666.125	0.195
666.290	0.194
666.455	0.195
666.620	0.193
666.785	0.194
666.950	0.197
667.115	0.194
667.280	0.197
667.445	0.196
667.610	0.196
667.775	0.196
667.940	0.200
668.105	0.195
668.270	0.198
668.436	0.199
668.601	0.199
668.766	0.200
668.931	0.202
669.096	0.199
669.261	0.201
669.426	0.199
669.591	0.202
669.756	0.202
669.922	0.201
670.087	0.202
670.252	0.205
670.417	0.204
670.582	0.206
670.747	0.205
670.912	0.207
671.078	0.206
671.243	0.209
671.408	0.207
671.573	0.209
671.738	0.209
671.904	0.211
672.069	0.210
672.234	0.213
672.399	0.211
672.565	0.214
672.730	0.216
672.895	0.217
673.060	0.217
673.226	0.217
673.391	0.216
673.556	0.217
673.721	0.218
673.887	0.218
674.052	0.216
674.217	0.217
674.383	0.219
674.548	0.221
674.713	0.221
674.878	0.222
675.044	0.220
675.209	0.224
675.374	0.222
675.540	0.225
675.705	0.224
675.871	0.224
676.036	0.225
676.201	0.228
676.367	0.228
676.532	0.227
676.697	0.226
676.863	0.231
677.028	0.230
677.194	0.231
677.359	0.231
677.524	0.231
677.690	0.230
677.855	0.234
678.021	0.232
678.186	0.235
678.352	0.233
678.517	0.237
678.682	0.233
678.848	0.238
679.013	0.236
679.179	0.237
679.344	0.234
679.510	0.240
679.675	0.238
679.841	0.241
680.006	0.238
680.172	0.239
680.337	0.241
680.503	0.242
680.668	0.241
680.834	0.244
680.999	0.242
681.165	0.244
681.331	0.243
681.496	0.247
681.662	0.245
681.827	0.248
681.993	0.248
682.158	0.249
682.324	0.251
682.490	0.251
682.655	0.252
682.821	0.254
682.986	0.251
683.152	0.252
683.318	0.253
683.483	0.255
683.649	0.253
683.815	0.255
683.980	0.254
684.146	0.258
684.311	0.255
684.477	0.260
684.643	0.257
684.808	0.260
684.974	0.256
685.140	0.260
685.306	0.257
685.471	0.262
685.637	0.261
685.803	0.264
685.968	0.263
686.134	0.264
686.300	0.264
686.466	0.266
686.631	0.264
686.797	0.268
686.963	0.265
687.128	0.267
687.294	0.262
687.460	0.268
687.626	0.266
687.792	0.268
687.957	0.268
688.123	0.270
688.289	0.268
688.455	0.270
688.621	0.270
688.786	0.270
688.952	0.270
689.118	0.272
689.284	0.269
689.450	0.274
689.615	0.273
689.781	0.276
689.947	0.277
690.113	0.276
690.279	0.277
690.445	0.277
690.611	0.277
690.777	0.277
690.942	0.275
691.108	0.274
691.274	0.278
691.440	0.278
691.606	0.280
691.772	0.281
691.938	0.280
692.104	0.281
692.270	0.280
692.436	0.285
692.602	0.286
692.767	0.287
692.933	0.285
693.099	0.287
693.265	0.286
693.431	0.286
693.597	0.285
693.763	0.286
693.929	0.286
694.095	0.288
694.261	0.289
694.427	0.285
694.593	0.289
694.759	0.286
694.925	0.288
695.091	0.289
695.257	0.288
695.423	0.288
695.589	0.291
695.755	0.289
695.921	0.289
696.088	0.287
696.254	0.288
696.420	0.287
696.586	0.287
696.752	0.286
696.918	0.290
697.084	0.291
697.250	0.290
697.416	0.293
697.582	0.293
697.748	0.293
697.915	0.291
698.081	0.292
698.247	0.292
698.413	0.292
698.579	0.295
698.745	0.292
698.911	0.290
699.077	0.294
699.244	0.293
699.410	0.291
699.576	0.292
699.742	0.293
699.908	0.291
700.075	0.292
700.241	0.293
700.407	0.293
700.573	0.289
700.739	0.289
700.906	0.290
701.072	0.288
701.238	0.291
701.404	0.289
701.570	0.290
701.737	0.291
701.903	0.292
702.069	0.292
702.235	0.294
702.402	0.293
702.568	0.293
702.734	0.290
702.901	0.290
703.067	0.292
703.233	0.293
703.399	0.294
703.566	0.296
703.732	0.294
703.898	0.294
704.065	0.294
704.231	0.293
704.397	0.295
704.564	0.295
704.730	0.291
704.896	0.292
705.063	0.293
705.229	0.294
705.395	0.294
705.562	0.296
705.728	0.293
705.894	0.294
706.061	0.292
706.227	0.292
706.394	0.293
706.560	0.294
706.726	0.293
706.893	0.293
707.059	0.292
707.226	0.291
707.392	0.292
707.558	0.290
707.725	0.290
707.891	0.292
708.058	0.295
708.224	0.294
708.391	0.294
708.557	0.295
708.724	0.295
708.890	0.294
709.057	0.292
709.223	0.292
709.389	0.293
709.556	0.295
709.722	0.294
709.889	0.293
710.055	0.292
710.222	0.293
710.389	0.292
710.555	0.293
710.722	0.291
710.888	0.290
711.055	0.292
711.221	0.293
711.388	0.291
711.554	0.291
711.721	0.290
711.887	0.291
712.054	0.289
712.220	0.291
712.387	0.289
712.554	0.290
712.720	0.289
712.887	0.289
713.053	0.289
713.220	0.287
713.387	0.288
713.553	0.290
713.720	0.289
713.886	0.289
714.053	0.286
714.220	0.289
714.386	0.283
714.553	0.287
714.720	0.285
714.886	0.285
715.053	0.284
715.220	0.284
715.386	0.283
715.553	0.283
715.720	0.284
715.886	0.284
716.053	0.285
716.220	0.286
716.386	0.284
716.553	0.282
716.720	0.281
716.887	0.283
717.053	0.284
717.220	0.285
717.387	0.281
717.553	0.279
717.720	0.281
717.887	0.280
718.054	0.281
718.220	0.282
718.387	0.282
718.554	0.280
718.721	0.279
718.887	0.280
719.054	0.280
719.221	0.276
719.388	0.275
719.555	0.276
719.721	0.277
719.888	0.276
720.055	0.277
720.222	0.275
720.389	0.272
720.555	0.274
720.722	0.273
720.889	0.272
721.056	0.273
721.223	0.273
721.390	0.273
721.556	0.272
721.723	0.270
721.890	0.274
722.057	0.272
722.224	0.270
722.391	0.269
722.558	0.270
722.725	0.267
722.891	0.267
723.058	0.267
723.225	0.268
723.392	0.267
723.559	0.269
723.726	0.267
723.893	0.266
724.060	0.264
724.227	0.268
724.394	0.264
724.561	0.266
724.728	0.265
724.895	0.265
725.061	0.267
725.228	0.266
725.395	0.264
725.562	0.266
725.729	0.265
725.896	0.266
726.063	0.264
726.230	0.263
726.397	0.265
726.564	0.265
726.731	0.263
726.898	0.265
727.065	0.265
727.232	0.266
727.399	0.267
727.566	0.266
727.733	0.266
727.900	0.265
728.067	0.266
728.234	0.266
728.402	0.266
728.569	0.266
728.736	0.263
728.903	0.264
729.070	0.263
729.237	0.263
729.404	0.266
729.571	0.266
729.738	0.267
729.905	0.266
730.072	0.265
730.239	0.265
730.406	0.266
730.574	0.270
730.741	0.266
730.908	0.265
731.075	0.266
731.242	0.267
731.409	0.267
731.576	0.265
731.743	0.264
731.911	0.265
732.078	0.268
732.245	0.264
732.412	0.264
732.579	0.262
732.746	0.266
732.914	0.265
733.081	0.264
733.248	0.263
733.415	0.265
733.582	0.264
733.749	0.266
733.917	0.266
734.084	0.265
734.251	0.265
734.418	0.264
734.586	0.265
734.753	0.265
734.920	0.265
735.087	0.264
735.254	0.264
735.422	0.267
735.589	0.264
735.756	0.262
735.923	0.264
736.091	0.264
736.258	0.264
736.425	0.265
736.593	0.263
736.760	0.266
736.927	0.267
737.094	0.268
737.262	0.266
737.429	0.266
737.596	0.265
737.764	0.267
737.931	0.265
738.098	0.266
738.266	0.267
738.433	0.266
738.600	0.264
738.767	0.267
738.935	0.264
739.102	0.266
739.270	0.265
739.437	0.265
739.604	0.264
739.772	0.266
739.939	0.265
740.106	0.269
740.274	0.268
740.441	0.263
740.608	0.264
740.776	0.267
740.943	0.265
741.111	0.265
741.278	0.266
741.445	0.263
741.613	0.263
741.780	0.261
741.948	0.261
742.115	0.263
742.282	0.261
742.450	0.263
742.617	0.263
742.785	0.263
742.952	0.263
743.120	0.262
743.287	0.261
743.455	0.259
743.622	0.262
743.790	0.261
743.957	0.260
744.124	0.260
744.292	0.261
744.459	0.263
744.627	0.261
744.794	0.263
744.962	0.258
745.129	0.260
745.297	0.258
745.464	0.258
745.632	0.259
745.799	0.262
745.967	0.260
746.134	0.261
746.302	0.259
746.470	0.260
746.637	0.258
746.805	0.260
746.972	0.259
747.140	0.258
747.307	0.260
747.475	0.260
747.642	0.261
747.810	0.263
747.978	0.260
748.145	0.262
748.313	0.262
748.480	0.259
748.648	0.259
748.815	0.260
748.983	0.260
749.151	0.259
749.318	0.257
749.486	0.258
749.654	0.256
749.821	0.257
749.989	0.256
750.156	0.257
750.324	0.255
750.492	0.257
750.659	0.257
750.827	0.259
750.995	0.259
751.162	0.256
751.330	0.258
751.498	0.257
751.665	0.257
751.833	0.257
752.001	0.257
752.168	0.255
752.336	0.255
752.504	0.256
752.671	0.256
752.839	0.255
753.007	0.256
753.174	0.254
753.342	0.255
753.510	0.258
753.678	0.255
753.845	0.255
754.013	0.255
754.181	0.254
754.348	0.256
754.516	0.256
754.684	0.255
754.852	0.253
755.019	0.255
755.187	0.255
755.355	0.257
755.523	0.257
755.690	0.256
755.858	0.254
756.026	0.257
756.194	0.256
756.362	0.255
756.529	0.255
756.697	0.255
756.865	0.256
757.033	0.253
757.200	0.253
757.368	0.253
757.536	0.253
757.704	0.253
757.872	0.255
758.040	0.254
758.207	0.255
758.375	0.254
758.543	0.252
758.711	0.252
758.879	0.253
759.047	0.254
759.214	0.253
759.382	0.253
759.550	0.252
759.718	0.251
759.886	0.252
760.054	0.252
760.222	0.252
760.389	0.252
760.557	0.252
760.725	0.251
760.893	0.252
761.061	0.250
761.229	0.250
761.397	0.250
761.565	0.249
761.733	0.247
761.900	0.249
762.068	0.248
762.236	0.247
762.404	0.247
762.572	0.251
762.740	0.247
762.908	0.244
763.076	0.248
763.244	0.250
763.412	0.247
763.580	0.247
763.748	0.246
763.916	0.245
764.084	0.246
764.252	0.245
764.420	0.246
764.588	0.244
764.756	0.246
764.924	0.247
765.092	0.245
765.260	0.244
765.428	0.244
765.596	0.245
765.764	0.244
765.932	0.243
766.100	0.243
766.268	0.244
766.436	0.244
766.604	0.244
766.772	0.242
766.940	0.241
767.108	0.241
767.276	0.242
767.444	0.241
767.612	0.243
767.780	0.242
767.948	0.241
768.116	0.240
768.284	0.243
768.452	0.243
768.620	0.240
768.788	0.243
768.956	0.242
769.124	0.239
769.292	0.239
769.461	0.242
769.629	0.243
769.797	0.240
769.965	0.241
770.133	0.241
770.301	0.242
770.469	0.241
770.637	0.243
770.805	0.242
770.973	0.241
771.142	0.240
771.310	0.240
771.478	0.239
771.646	0.240
771.814	0.241
771.982	0.241
772.150	0.236
772.318	0.238
772.487	0.241
772.655	0.240
772.823	0.239
772.991	0.238
773.159	0.237
773.327	0.239
773.496	0.239
773.664	0.239
773.832	0.238
774.000	0.236
774.168	0.238
774.337	0.239
774.505	0.239
774.673	0.240
774.841	0.238
775.009	0.242
775.178	0.240
775.346	0.239
775.514	0.239
775.682	0.239
775.850	0.240
776.019	0.240
776.187	0.239
776.355	0.238
776.523	0.237
776.692	0.236
776.860	0.238
777.028	0.237
777.196	0.243
777.365	0.238
777.533	0.236
777.701	0.236
777.869	0.237
778.038	0.235
778.206	0.236
778.374	0.236
778.542	0.236
778.711	0.235
778.879	0.236
779.047	0.235
779.216	0.236
779.384	0.236
779.552	0.234
779.721	0.235
779.889	0.233
780.057	0.235
780.225	0.237
780.394	0.234
780.562	0.233
780.730	0.233
780.899	0.233
781.067	0.234
781.235	0.232
781.404	0.230
781.572	0.232
781.740	0.232
781.909	0.233
782.077	0.233
782.246	0.232
782.414	0.232
782.582	0.232
782.751	0.231
782.919	0.230
783.087	0.231
783.256	0.231
783.424	0.233
783.592	0.229
783.761	0.232
783.929	0.231
784.098	0.231
784.266	0.231
784.434	0.229
784.603	0.231
784.771	0.230
784.940	0.227
785.108	0.228
785.277	0.230
785.445	0.232
785.613	0.230
785.782	0.228
785.950	0.230
786.119	0.227
786.287	0.226
786.456	0.225
786.624	0.227
786.792	0.225
786.961	0.228
787.129	0.226
787.298	0.228
787.466	0.225
787.635	0.226
787.803	0.225
787.972	0.222
788.140	0.226
788.309	0.224
788.477	0.222
788.646	0.224
788.814	0.226
788.983	0.225
789.151	0.222
789.320	0.223
789.488	0.224
789.657	0.222
789.825	0.223
789.994	0.223
790.162	0.223
790.331	0.219
790.499	0.220
790.668	0.222
790.836	0.220
791.005	0.222
791.173	0.221
791.342	0.222
791.510	0.223
791.679	0.221
791.847	0.217
792.016	0.217
792.184	0.217
792.353	0.218
792.522	0.218
792.690	0.219
792.859	0.218
793.027	0.219
793.196	0.217
793.364	0.220
793.533	0.216
793.702	0.217
793.870	0.217
794.039	0.217
794.207	0.218
794.376	0.216
794.545	0.217
794.713	0.217
794.882	0.218
795.050	0.217
795.219	0.216
795.388	0.215
795.556	0.216
795.725	0.218
795.893	0.216
796.062	0.215
796.231	0.213
796.399	0.215
796.568	0.213
796.737	0.214
796.905	0.212
797.074	0.214
797.243	0.213
797.411	0.212
797.580	0.214
797.748	0.213
797.917	0.214
798.086	0.212
798.254	0.212
798.423	0.213
798.592	0.213
798.760	0.212
798.929	0.211
799.098	0.212
799.267	0.212
799.435	0.210
799.604	0.209
799.773	0.210
799.941	0.211
800.110	0.209
800.279	0.210
800.447	0.208
800.616	0.210
800.785	0.206
800.954	0.206
801.122	0.206
801.291	0.205
801.460	0.206
801.628	0.209
801.797	0.206
801.966	0.206
802.135	0.205
802.303	0.206
802.472	0.207
802.641	0.208
802.810	0.207
802.978	0.205
803.147	0.207
803.316	0.203
803.485	0.204
803.653	0.206
803.822	0.207
803.991	0.205
804.160	0.203
804.328	0.202
804.497	0.202
804.666	0.203
804.835	0.203
805.004	0.200
805.172	0.201
805.341	0.200
805.510	0.201
805.679	0.200
805.848	0.199
806.016	0.201
806.185	0.200
806.354	0.198
806.523	0.199
806.692	0.197
806.860	0.198
807.029	0.198
807.198	0.201
807.367	0.202
807.536	0.200
807.704	0.200
807.873	0.198
808.042	0.199
808.211	0.198
808.380	0.196
808.549	0.197
808.718	0.197
808.886	0.198
809.055	0.195
809.224	0.198
809.393	0.196
809.562	0.195
809.731	0.193
809.900	0.194
810.068	0.194
810.237	0.194
810.406	0.193
810.575	0.193
810.744	0.193
810.913	0.194
811.082	0.191
811.251	0.191
811.419	0.190
811.588	0.192
811.757	0.192
811.926	0.192
812.095	0.191
812.264	0.192
812.433	0.190
812.602	0.190
812.771	0.192
812.940	0.193
813.108	0.193
813.277	0.192
813.446	0.191
813.615	0.191
813.784	0.190
813.953	0.192
814.122	0.191
814.291	0.187
814.460	0.188
814.629	0.189
814.798	0.191
814.967	0.188
815.136	0.189
815.305	0.192
815.474	0.192
815.643	0.190
815.812	0.188
815.981	0.188
816.149	0.189
816.318	0.190
816.487	0.187
816.656	0.188
816.825	0.189
816.994	0.189
817.163	0.187
817.332	0.188
817.501	0.187
817.670	0.185
817.839	0.185
818.008	0.186
818.177	0.188
818.346	0.186
818.515	0.184
818.684	0.185
818.853	0.186
819.022	0.185
819.191	0.185
819.360	0.186
819.529	0.186
819.698	0.185
819.867	0.185
820.036	0.183
820.205	0.184
820.374	0.184
820.544	0.184
820.713	0.184
820.882	0.183
821.051	0.183
821.220	0.180
821.389	0.184
821.558	0.185
821.727	0.182
821.896	0.184
822.065	0.184
822.234	0.182
822.403	0.182
822.572	0.182
822.741	0.183
822.910	0.181
823.079	0.180
823.248	0.181
823.417	0.180
823.587	0.180
823.756	0.180
823.925	0.180
824.094	0.180
824.263	0.179
824.432	0.179
824.601	0.181
824.770	0.179
824.939	0.180
825.108	0.179
825.277	0.179
825.447	0.178
825.616	0.178
825.785	0.178
825.954	0.177
826.123	0.177
826.292	0.178
826.461	0.179
826.630	0.178
826.799	0.178
826.969	0.179
827.138	0.177
827.307	0.177
827.476	0.178
827.645	0.178
827.814	0.175
827.983	0.179
828.153	0.179
828.322	0.179
828.491	0.180
828.660	0.180
828.829	0.178
828.998	0.178
829.167	0.177
829.337	0.179
829.506	0.177
829.675	0.176
829.844	0.175
830.013	0.176
830.182	0.174
830.352	0.176
830.521	0.177
830.690	0.176
830.859	0.175
831.028	0.175
831.198	0.174
831.367	0.173
831.536	0.174
831.705	0.176
831.874	0.175
832.043	0.175
832.213	0.175
832.382	0.174
832.551	0.173
832.720	0.172
832.890	0.175
833.059	0.173
833.228	0.174
833.397	0.174
833.566	0.173
833.736	0.173
833.905	0.174
834.074	0.174
834.243	0.173
834.412	0.171
834.582	0.173
834.751	0.173
834.920	0.172
835.089	0.171
835.259	0.171
835.428	0.174
835.597	0.174
835.766	0.172
835.936	0.171
836.105	0.172
836.274	0.171
836.443	0.172
836.613	0.171
836.782	0.171
836.951	0.173
837.120	0.171
837.290	0.173
837.459	0.173
837.628	0.172
837.797	0.173
837.967	0.171
838.136	0.171
838.305	0.171
838.475	0.171
838.644	0.170
838.813	0.168
838.982	0.171
839.152	0.170
839.321	0.170
839.490	0.171
839.660	0.171
839.829	0.172
839.998	0.170
840.167	0.170
840.337	0.171
840.506	0.170
840.675	0.171
840.845	0.172
841.014	0.171
841.183	0.169
841.353	0.171
841.522	0.172
841.691	0.170
841.861	0.170
842.030	0.171
842.199	0.171
842.369	0.172
842.538	0.173
842.707	0.169
842.877	0.171
843.046	0.170
843.215	0.170
843.385	0.172
843.554	0.173
843.723	0.173
843.893	0.170
844.062	0.171
844.231	0.173
844.401	0.172
844.570	0.173
844.739	0.172
844.909	0.171
845.078	0.170
845.247	0.171
845.417	0.171
845.586	0.171
845.755	0.170
845.925	0.171
846.094	0.170
846.264	0.171
846.433	0.170
846.602	0.169
846.772	0.171
846.941	0.169
847.110	0.169
847.280	0.170
847.449	0.169
847.619	0.170
847.788	0.170
847.957	0.171
848.127	0.169
848.296	0.171
848.466	0.170
848.635	0.171
848.804	0.170
848.974	0.169
849.143	0.170
849.313	0.169
849.482	0.169
849.651	0.171
849.821	0.170
849.990	0.171
850.160	0.169
850.329	0.169
850.498	0.170
850.668	0.169
850.837	0.171
851.007	0.170
851.176	0.170
851.346	0.171
851.515	0.171
851.684	0.170
851.854	0.169
852.023	0.171
852.193	0.170
852.362	0.172
852.532	0.170
852.701	0.169
852.871	0.171
853.040	0.170
853.209	0.171
853.379	0.170
853.548	0.172
853.718	0.170
853.887	0.171
854.057	0.171
854.226	0.170
854.396	0.172
854.565	0.172
854.734	0.171
854.904	0.172
855.073	0.172
855.243	0.170
855.412	0.169
855.582	0.172
855.751	0.171
855.921	0.172
856.090	0.170
856.260	0.169
856.429	0.170
856.599	0.170
856.768	0.169
856.938	0.169
857.107	0.169
857.277	0.170
857.446	0.171
857.616	0.170
857.785	0.168
857.955	0.168
858.124	0.168
858.294	0.168
858.463	0.168
858.633	0.169
858.802	0.168
858.972	0.169
859.141	0.167
859.311	0.167
859.480	0.169
859.650	0.170
859.819	0.169
859.989	0.170
860.158	0.169
860.328	0.169
860.497	0.167
860.667	0.167
860.836	0.169
861.006	0.169
861.175	0.167
861.345	0.167
861.514	0.169
861.684	0.169
861.853	0.169
862.023	0.169
862.192	0.167
862.362	0.168
862.532	0.168
862.701	0.168
862.871	0.165
863.040	0.167
863.210	0.168
863.379	0.167
863.549	0.168
863.718	0.166
863.888	0.166
864.057	0.167
864.227	0.166
864.397	0.169
864.566	0.167
864.736	0.168
864.905	0.168
865.075	0.167
865.244	0.166
865.414	0.167
865.583	0.165
865.753	0.166
865.923	0.168
866.092	0.165
866.262	0.164
866.431	0.166
866.601	0.165
866.770	0.165
866.940	0.165
867.110	0.164
867.279	0.167
867.449	0.164
867.618	0.165
867.788	0.165
867.957	0.165
868.127	0.164
868.297	0.165
868.466	0.165
868.636	0.167
868.805	0.167
868.975	0.165
869.145	0.165
869.314	0.166
869.484	0.165
869.653	0.164
869.823	0.165
869.993	0.165
870.162	0.164
870.332	0.165
870.501	0.163
870.671	0.161
870.841	0.163
871.010	0.163
871.180	0.164
871.349	0.164
871.519	0.165
871.689	0.163
871.858	0.162
872.028	0.163
872.198	0.162
872.367	0.162
872.537	0.161
872.706	0.163
872.876	0.160
873.046	0.160
873.215	0.160
873.385	0.159
873.555	0.159
873.724	0.157
873.894	0.158
874.063	0.160
874.233	0.158
874.403	0.158
874.572	0.158
874.742	0.159
874.912	0.159
875.081	0.157
875.251	0.159
875.421	0.159
875.590	0.158
875.760	0.158
875.929	0.158
876.099	0.157
876.269	0.156
876.438	0.157
876.608	0.156
876.778	0.155
876.947	0.156
877.117	0.156
877.287	0.153
877.456	0.155
877.626	0.154
877.796	0.154
877.965	0.154
878.135	0.153
878.305	0.155
878.474	0.154
878.644	0.155
878.814	0.155
878.983	0.156
879.153	0.154
879.323	0.156
879.492	0.155
879.662	0.154
879.832	0.155
880.001	0.155
880.171	0.153
880.341	0.154
880.510	0.153
880.680	0.153
880.850	0.155
881.019	0.155
881.189	0.154
881.359	0.152
881.528	0.153
881.698	0.154
881.868	0.154
882.037	0.155
882.207	0.155
882.377	0.155
882.547	0.154
882.716	0.156
882.886	0.154
883.056	0.153
883.225	0.155
883.395	0.154
883.565	0.155
883.734	0.154
883.904	0.154
884.074	0.154
884.243	0.155
884.413	0.155
884.583	0.154
884.753	0.154
884.922	0.154
885.092	0.155
885.262	0.155
885.431	0.154
885.601	0.155
885.771	0.153
885.941	0.155
886.110	0.156
886.280	0.153
886.450	0.155
886.619	0.154
886.789	0.156
886.959	0.155
887.129	0.155
887.298	0.156
887.468	0.156
887.638	0.157
887.807	0.155
887.977	0.157
888.147	0.157
888.317	0.156
888.486	0.156
888.656	0.157
888.826	0.158
888.995	0.156
889.165	0.157
889.335	0.157
889.505	0.157
889.674	0.157
889.844	0.155
890.014	0.155
890.184	0.157
890.353	0.155
890.523	0.154
890.693	0.156
890.863	0.155
891.032	0.154
891.202	0.153
891.372	0.154
891.541	0.156
891.711	0.155
891.881	0.155
892.051	0.153
892.220	0.155
892.390	0.156
892.560	0.156
892.730	0.154
892.899	0.156
893.069	0.156
893.239	0.155
893.409	0.154
893.578	0.153
893.748	0.157
893.918	0.156
894.088	0.155
894.257	0.156
894.427	0.155
894.597	0.154
894.767	0.155
894.936	0.156
895.106	0.154
895.276	0.155
895.446	0.155
895.615	0.157
895.785	0.156
895.955	0.156
896.125	0.155
896.295	0.155
896.464	0.154
896.634	0.153
896.804	0.154
896.974	0.154
897.143	0.155
897.313	0.157
897.483	0.156
897.653	0.155
897.822	0.154
897.992	0.154
898.162	0.153
898.332	0.154
898.502	0.154
898.671	0.153
898.841	0.154
899.011	0.155
899.181	0.154
899.350	0.155
899.520	0.156
899.690	0.155
899.860	0.153
900.029	0.152
900.199	0.153
900.369	0.155
900.539	0.154
900.709	0.155
900.878	0.154
901.048	0.156
901.218	0.154
901.388	0.154
901.558	0.154
901.727	0.155
901.897	0.153
902.067	0.152
902.237	0.154
902.406	0.154
902.576	0.151
902.746	0.153
902.916	0.153
903.086	0.153
903.255	0.152
903.425	0.151
903.595	0.153
903.765	0.153
903.935	0.154
904.104	0.153
904.274	0.152
904.444	0.154
904.614	0.152
904.784	0.151
904.953	0.150
905.123	0.150
905.293	0.153
905.463	0.152
905.632	0.151
905.802	0.152
905.972	0.150
906.142	0.151
906.312	0.151
906.481	0.150
906.651	0.150
906.821	0.149
906.991	0.151
907.161	0.151
907.330	0.152
907.500	0.153
907.670	0.151
907.840	0.152
908.010	0.152
908.180	0.150
908.349	0.150
908.519	0.149
908.689	0.149
908.859	0.149
909.029	0.149
909.198	0.149
909.368	0.149
909.538	0.150
909.708	0.150
909.878	0.151
910.047	0.151
910.217	0.151
910.387	0.150
910.557	0.147
910.727	0.149
910.896	0.151
911.066	0.148
911.236	0.148
911.406	0.148
911.576	0.147
911.745	0.149
911.915	0.149
912.085	0.148
912.255	0.148
912.425	0.148
912.595	0.149
912.764	0.149
912.934	0.150
913.104	0.148
913.274	0.149
913.444	0.148
913.613	0.147
913.783	0.147
913.953	0.147
914.123	0.148
914.293	0.148
914.463	0.148
914.632	0.148
914.802	0.149
914.972	0.148
915.142	0.147
915.312	0.147
915.481	0.146
915.651	0.145
915.821	0.146
915.991	0.145
916.161	0.147
916.331	0.145
916.500	0.146
916.670	0.143
916.840	0.145
917.010	0.144
917.180	0.143
917.349	0.144
917.519	0.144
917.689	0.144
917.859	0.144
918.029	0.144
918.199	0.142
918.368	0.141
918.538	0.143
918.708	0.142
918.878	0.142
919.048	0.142
919.218	0.143
919.387	0.143
919.557	0.141
919.727	0.140
919.897	0.141
920.067	0.140
920.237	0.140
920.406	0.139
920.576	0.138
920.746	0.138
920.916	0.137
921.086	0.139
921.255	0.139
921.425	0.139
921.595	0.139
921.765	0.138
921.935	0.137
922.105	0.139
922.274	0.138
922.444	0.139
922.614	0.137
922.784	0.135
922.954	0.135
923.124	0.136
923.293	0.135
923.463	0.134
923.633	0.135
923.803	0.135
923.973	0.135
924.143	0.135
924.312	0.134
924.482	0.133
924.652	0.134
924.822	0.132
924.992	0.132
925.162	0.134
925.331	0.132
925.501	0.133
925.671	0.131
925.841	0.133
926.011	0.133
926.181	0.132
926.350	0.132
926.520	0.131
926.690	0.132
926.860	0.131
927.030	0.130
927.199	0.130
927.369	0.130
927.539	0.127
927.709	0.129
927.879	0.127
928.049	0.127
928.218	0.125
928.388	0.125
928.558	0.125
928.728	0.125
928.898	0.125
929.068	0.125
929.237	0.122
929.407	0.124
929.577	0.123
929.747	0.124
929.917	0.122
930.087	0.123
930.256	0.121
930.426	0.121
930.596	0.121
930.766	0.121
930.936	0.119
931.106	0.119
931.275	0.118
931.445	0.118
931.615	0.117
931.785	0.117
931.955	0.118
932.125	0.117
932.294	0.115
932.464	0.114
932.634	0.114
932.804	0.113
932.974	0.115
933.144	0.115
933.313	0.112
933.483	0.111
933.653	0.111
933.823	0.110
933.993	0.110
934.162	0.108
934.332	0.108
934.502	0.108
934.672	0.108
934.842	0.105
935.012	0.105
935.181	0.105
935.351	0.106
935.521	0.103
935.691	0.101
935.861	0.099
936.031	0.099
936.200	0.097
936.370	0.097
936.540	0.095
936.710	0.093
936.880	0.092
937.050	0.089
937.219	0.088
937.389	0.086
937.559	0.087
937.729	0.085
937.899	0.082
938.068	0.081
938.238	0.079
938.408	0.077
938.578	0.078
938.748	0.072
938.918	0.072
939.087	0.071
939.257	0.069
939.427	0.067
939.597	0.066
939.767	0.065
939.936	0.063
940.106	0.061
940.276	0.061
940.446	0.056
940.616	0.057
940.786	0.057
940.955	0.056
941.125	0.055
941.295	0.053
941.465	0.053
941.635	0.052
941.804	0.050
941.974	0.049
942.144	0.049
942.314	0.049
942.484	0.047
942.654	0.047
942.823	0.048
942.993	0.046
943.163	0.046
943.333	0.046
943.503	0.045
943.672	0.044
943.842	0.043
944.012	0.045
944.182	0.044
944.352	0.043
944.521	0.042
944.691	0.043
944.861	0.043
945.031	0.043
945.201	0.043
945.371	0.043
945.540	0.043
945.710	0.044
945.880	0.044
946.050	0.044
946.220	0.043
946.389	0.043
946.559	0.043
946.729	0.044
946.899	0.043
947.069	0.043
947.238	0.043
947.408	0.044
947.578	0.046
947.748	0.047
947.918	0.044
948.087	0.045
948.257	0.045
948.427	0.046
948.597	0.046
948.767	0.045
948.936	0.048
949.106	0.048
949.276	0.048
949.446	0.049
949.616	0.048
949.785	0.049
949.955	0.050
950.125	0.050
950.295	0.050
950.465	0.051
950.634	0.052
950.804	0.051
950.974	0.053
951.144	0.051
951.314	0.054
951.483	0.052
951.653	0.054
951.823	0.055
951.993	0.054
952.162	0.056
952.332	0.054
952.502	0.054
952.672	0.056
952.842	0.056
953.011	0.057
953.181	0.056
953.351	0.058
953.521	0.059
953.691	0.059
953.860	0.058
954.030	0.060
954.200	0.062
954.370	0.059
954.539	0.061
954.709	0.063
954.879	0.064
955.049	0.068
955.219	0.068
955.388	0.064
955.558	0.066
955.728	0.066
955.898	0.067
956.067	0.067
956.237	0.068
956.407	0.069
956.577	0.068
956.746	0.073
956.916	0.073
957.086	0.071
957.256	0.072
957.426	0.073
957.595	0.072
957.765	0.074
957.935	0.076
958.105	0.074
958.274	0.076
958.444	0.076
958.614	0.078
958.784	0.077
958.953	0.078
959.123	0.078
959.293	0.078
959.463	0.082
959.632	0.081
959.802	0.081
959.972	0.081
960.142	0.084
960.312	0.084
960.481	0.082
960.651	0.085
960.821	0.084
960.991	0.086
961.160	0.086
961.330	0.086
961.500	0.087
961.670	0.088
961.839	0.088
962.009	0.091
962.179	0.091
962.349	0.092
962.518	0.090
962.688	0.092
962.858	0.094
963.027	0.095
963.197	0.096
963.367	0.096
963.537	0.096
963.706	0.096
963.876	0.098
964.046	0.099
964.216	0.101
964.385	0.101
964.555	0.101
964.725	0.102
964.895	0.106
965.064	0.104
965.234	0.106
965.404	0.107
965.574	0.108
965.743	0.108
965.913	0.108
966.083	0.108
966.252	0.111
966.422	0.111
966.592	0.112
966.762	0.114
966.931	0.116
967.101	0.116
967.271	0.115
967.440	0.116
967.610	0.118
967.780	0.118
967.950	0.119
968.119	0.121
968.289	0.122
968.459	0.121
968.628	0.124
968.798	0.124
968.968	0.126
969.138	0.126
969.307	0.128
969.477	0.129
969.647	0.129
969.816	0.129
969.986	0.131
970.156	0.131
970.326	0.132
970.495	0.134
970.665	0.135
970.835	0.136
971.004	0.136
971.174	0.138
971.344	0.139
971.513	0.139
971.683	0.141
971.853	0.142
972.023	0.142
972.192	0.144
972.362	0.145
972.532	0.144
972.701	0.145
972.871	0.146
973.041	0.148
973.210	0.147
973.380	0.148
973.550	0.150
973.719	0.151
973.889	0.152
974.059	0.152
974.228	0.150
974.398	0.152
974.568	0.154
974.737	0.155
974.907	0.156
975.077	0.155
975.246	0.158
975.416	0.158
975.586	0.158
975.755	0.158
975.925	0.159
976.095	0.160
976.264	0.162
976.434	0.163
976.604	0.162
976.773	0.162
976.943	0.164
977.113	0.164
977.282	0.164
977.452	0.168
977.622	0.167
977.791	0.167
977.961	0.167
978.131	0.168
978.300	0.169
978.470	0.168
978.640	0.169
978.809	0.170
978.979	0.168
979.149	0.172
979.318	0.172
979.488	0.171
979.658	0.172
979.827	0.172
979.997	0.172
980.166	0.174
980.336	0.174
980.506	0.176
980.675	0.174
980.845	0.177
981.015	0.176
981.184	0.176
981.354	0.177
981.523	0.177
981.693	0.179
981.863	0.178
982.032	0.180
982.202	0.179
982.372	0.180
982.541	0.180
982.711	0.181
982.880	0.182
983.050	0.182
983.220	0.180
983.389	0.182
983.559	0.184
983.729	0.182
983.898	0.183
984.068	0.181
984.237	0.183
984.407	0.181
984.577	0.183
984.746	0.183
984.916	0.184
985.085	0.182
985.255	0.185
985.425	0.183
985.594	0.183
985.764	0.183
985.933	0.186
986.103	0.184
986.273	0.184
986.442	0.186
986.612	0.186
986.781	0.186
986.951	0.185
987.120	0.185
987.290	0.186
987.460	0.185
987.629	0.185
987.799	0.188
987.968	0.188
988.138	0.187
988.307	0.186
988.477	0.187
988.647	0.185
988.816	0.186
988.986	0.186
989.155	0.188
989.325	0.188
989.494	0.188
989.664	0.186
989.834	0.188
990.003	0.188
990.173	0.188
990.342	0.189
990.512	0.191
990.681	0.187
990.851	0.188
991.020	0.190
991.190	0.188
991.360	0.188
991.529	0.187
991.699	0.187
991.868	0.187
992.038	0.188
992.207	0.187
992.377	0.188
992.546	0.187
992.716	0.188
992.885	0.187
993.055	0.188
993.224	0.187
993.394	0.188
993.564	0.188
993.733	0.187
993.903	0.188
994.072	0.187
994.242	0.188
994.411	0.186
994.581	0.184
994.750	0.186
994.920	0.186
995.089	0.187
995.259	0.187
995.428	0.184
995.598	0.185
995.767	0.186
995.937	0.185
996.106	0.186
996.276	0.186
996.445	0.185
996.615	0.184
996.784	0.186
996.954	0.185
997.123	0.186
997.293	0.187
997.462	0.184
997.632	0.186
997.801	0.186
997.971	0.186
998.140	0.185
998.310	0.183
998.479	0.184
998.649	0.184
998.818	0.185
998.988	0.184
999.157	0.184
999.326	0.182
999.496	0.184
999.665	0.184
999.835	0.184
1000.004	0.181
1000.174	0.184
1000.343	0.183
1000.513	0.184
1000.682	0.184
1000.852	0.184
1001.021	0.182
1001.191	0.183
1001.360	0.181
1001.529	0.180
1001.699	0.181
1001.868	0.181
1002.038	0.180
1002.207	0.181
1002.377	0.181
1002.546	0.180
1002.716	0.179
1002.885	0.179
1003.054	0.178
1003.224	0.182
1003.393	0.182
1003.563	0.180
1003.732	0.178
1003.902	0.177
1004.071	0.178
1004.240	0.177
1004.410	0.178
1004.579	0.178
1004.749	0.177
1004.918	0.176
1005.087	0.176
1005.257	0.177
1005.426	0.176
1005.596	0.175
1005.765	0.175
1005.934	0.178
1006.104	0.177
1006.273	0.176
1006.443	0.175
1006.612	0.176
1006.781	0.174
1006.951	0.173
1007.120	0.173
1007.290	0.174
1007.459	0.176
1007.628	0.174
1007.798	0.173
1007.967	0.172
1008.137	0.173
1008.306	0.173
1008.475	0.172
1008.645	0.170
1008.814	0.169
1008.983	0.169
1009.153	0.169
1009.322	0.170
1009.491	0.171
1009.661	0.167
1009.830	0.169
1010.000	0.170
1010.169	0.169
1010.338	0.169
1010.508	0.169
1010.677	0.168
1010.846	0.168
1011.016	0.169
1011.185	0.167
1011.354	0.166
1011.524	0.167
1011.693	0.168
1011.862	0.167
1012.032	0.168
1012.201	0.166
1012.370	0.167
1012.540	0.165
1012.709	0.166
1012.878	0.166
1013.048	0.164
1013.217	0.164
1013.386	0.166
1013.556	0.165
1013.725	0.166
1013.894	0.164
1014.064	0.164
1014.233	0.163
1014.402	0.164
1014.571	0.163
1014.741	0.163
1014.910	0.160
1015.079	0.162
1015.249	0.159
1015.418	0.160
1015.587	0.161
1015.757	0.162
1015.926	0.162
1016.095	0.162
1016.264	0.160
1016.434	0.160
1016.603	0.159
1016.772	0.159
1016.941	0.158
1017.111	0.159
1017.280	0.158
1017.449	0.159
1017.619	0.159
1017.788	0.157
1017.957	0.159
1018.126	0.158
1018.296	0.157
1018.465	0.156
1018.634	0.158
1018.803	0.157
1018.973	0.157
1019.142	0.154
1019.311	0.156
1019.480	0.154
1019.650	0.154
1019.819	0.154
1019.988	0.154
1020.157	0.153
1020.326	0.153
1020.496	0.152
1020.665	0.152
1020.834	0.152
1021.003	0.153
1021.173	0.151
1021.342	0.150
1021.511	0.150
1021.680	0.154
1021.849	0.150
1022.019	0.151
1022.188	0.149
1022.357	0.151
1022.526	0.149
1022.695	0.150
1022.865	0.149
1023.034	0.148
1023.203	0.148
1023.372	0.148
1023.541	0.148
1023.711	0.146
1023.880	0.148
1024.049	0.148
1024.218	0.146
1024.387	0.147
1024.557	0.146
1024.726	0.146
1024.895	0.146
1025.064	0.146
1025.233	0.143
1025.402	0.146
1025.572	0.145
1025.741	0.143
1025.910	0.143
1026.079	0.142
1026.248	0.143
1026.417	0.143
1026.586	0.143
1026.756	0.143
1026.925	0.144
1027.094	0.142
1027.263	0.140
1027.432	0.141
1027.601	0.142
1027.770	0.139
1027.940	0.138
1028.109	0.141
1028.278	0.139
1028.447	0.138
1028.616	0.138
1028.785	0.139
1028.954	0.139
1029.123	0.140
1029.292	0.139
1029.462	0.140
1029.631	0.139
1029.800	0.138
1029.969	0.135
1030.138	0.137
1030.307	0.136
1030.476	0.138
1030.645	0.136
1030.814	0.135
1030.983	0.134
1031.152	0.135
1031.322	0.135
1031.491	0.136
1031.660	0.135
1031.829	0.134
1031.998	0.135
1032.167	0.133
1032.336	0.134
1032.505	0.133
1032.674	0.132
1032.843	0.133
1033.012	0.132
1033.181	0.132
1033.350	0.132
1033.519	0.132
1033.688	0.131
1033.857	0.130
1034.026	0.131
1034.196	0.131
1034.365	0.131
1034.534	0.129
1034.703	0.130
1034.872	0.130
1035.041	0.128
1035.210	0.127
1035.379	0.128
1035.548	0.127
1035.717	0.127
1035.886	0.128
1036.055	0.129
1036.224	0.126
1036.393	0.124
1036.562	0.126
1036.731	0.126
1036.900	0.124
1037.069	0.123
1037.238	0.124
1037.407	0.123
1037.576	0.124
1037.745	0.123
1037.914	0.123
1038.083	0.124
1038.252	0.124
1038.421	0.122
1038.590	0.122
1038.759	0.122
1038.928	0.121
1039.096	0.120
1039.265	0.121
1039.434	0.122
1039.603	0.122
1039.772	0.119
1039.941	0.121
1040.110	0.121
1040.279	0.118
1040.448	0.119
1040.617	0.118
1040.786	0.118
1040.955	0.118
1041.124	0.118
1041.293	0.117
1041.462	0.117
1041.631	0.116
1041.800	0.117
1041.968	0.117
1042.137	0.117
1042.306	0.115
1042.475	0.115
1042.644	0.115
1042.813	0.114
1042.982	0.113
1043.151	0.115
1043.320	0.114
1043.489	0.115
1043.657	0.113
1043.826	0.113
1043.995	0.113
1044.164	0.113
1044.333	0.113
1044.502	0.112
1044.671	0.111
1044.840	0.113
1045.008	0.111
1045.177	0.111
1045.346	0.111
1045.515	0.111
1045.684	0.110
1045.853	0.111
1046.022	0.111
1046.190	0.110
1046.359	0.109
1046.528	0.110
1046.697	0.108
1046.866	0.110
1047.035	0.109
1047.203	0.108
1047.372	0.109
1047.541	0.107
1047.710	0.107
1047.879	0.108
1048.048	0.106
1048.216	0.106
1048.385	0.106
1048.554	0.107
1048.723	0.106
1048.892	0.105
1049.060	0.105
1049.229	0.105
1049.398	0.106
1049.567	0.106
1049.736	0.105
1049.904	0.106
1050.073	0.102
1050.242	0.105
1050.411	0.104
1050.580	0.103
1050.748	0.103
1050.917	0.102
1051.086	0.102
1051.255	0.102
1051.423	0.103
1051.592	0.101
1051.761	0.102
1051.930	0.101
1052.098	0.101
1052.267	0.100
1052.436	0.101
1052.605	0.100
1052.773	0.098
1052.942	0.099
1053.111	0.099
1053.279	0.098
1053.448	0.098
1053.617	0.098
1053.786	0.098
1053.954	0.097
1054.123	0.097
1054.292	0.098
1054.460	0.097
1054.629	0.098
1054.798	0.099
1054.967	0.097
1055.135	0.096
1055.304	0.098
1055.473	0.096
1055.641	0.097
1055.810	0.096
1055.979	0.096
1056.147	0.096
1056.316	0.095
1056.485	0.097
1056.653	0.094
1056.822	0.094
1056.991	0.095
1057.159	0.094
1057.328	0.092
1057.497	0.093
1057.665	0.093
1057.834	0.093
1058.003	0.091
1058.171	0.092
1058.340	0.093
1058.509	0.092
1058.677	0.091
1058.846	0.090
1059.014	0.091
1059.183	0.092
1059.352	0.091
1059.520	0.093
1059.689	0.090
1059.857	0.089
1060.026	0.089
1060.195	0.090
1060.363	0.090
1060.532	0.089
1060.700	0.088
1060.869	0.089
1061.038	0.088
1061.206	0.088
1061.375	0.089
1061.543	0.086
1061.712	0.087
1061.881	0.088
1062.049	0.088
1062.218	0.087
1062.386	0.087
1062.555	0.087
1062.723	0.087
1062.892	0.085
1063.060	0.084
1063.229	0.086
1063.397	0.087
1063.566	0.085
1063.735	0.084
1063.903	0.084
1064.072	0.084
1064.240	0.086
1064.409	0.085
1064.577	0.085
1064.746	0.085
1064.914	0.088
1065.083	0.086
1065.251	0.083
1065.420	0.084
1065.588	0.084
1065.757	0.083
1065.925	0.081
1066.094	0.081
1066.262	0.083
1066.431	0.083
1066.599	0.083
1066.768	0.083
1066.936	0.081
1067.105	0.082
1067.273	0.081
1067.442	0.081
1067.610	0.082
1067.778	0.081
1067.947	0.081
1068.115	0.081
1068.284	0.080
1068.452	0.081
1068.621	0.081
1068.789	0.081
1068.958	0.079
1069.126	0.079
1069.294	0.079
1069.463	0.080
1069.631	0.078
1069.800	0.079
1069.968	0.078
1070.136	0.078
1070.305	0.079
1070.473	0.077
1070.642	0.077
1070.810	0.079
1070.978	0.078
1071.147	0.077
1071.315	0.078
1071.484	0.078
1071.652	0.077
1071.820	0.078
1071.989	0.077
1072.157	0.075
1072.325	0.076
1072.494	0.078
1072.662	0.075
1072.831	0.076
1072.999	0.076
1073.167	0.076
1073.336	0.077
1073.504	0.076
1073.672	0.077
1073.841	0.075
1074.009	0.076
1074.177	0.076
1074.346	0.076
1074.514	0.075
1074.682	0.074
1074.851	0.074
1075.019	0.075
1075.187	0.074
1075.355	0.073
1075.524	0.073
1075.692	0.074
1075.860	0.074
1076.029	0.072
1076.197	0.073
1076.365	0.074
1076.533	0.072
1076.702	0.073
1076.870	0.074
1077.038	0.072
1077.207	0.072
1077.375	0.073
1077.543	0.073
1077.711	0.072
1077.880	0.073
1078.048	0.072
1078.216	0.074
1078.384	0.072
1078.553	0.072
1078.721	0.072
1078.889	0.071
1079.057	0.071
1079.225	0.073
1079.394	0.073
1079.562	0.070
1079.730	0.070
1079.898	0.071
1080.066	0.071
1080.235	0.071
1080.403	0.071
1080.571	0.070
1080.739	0.070
1080.907	0.071
1081.076	0.071
1081.244	0.071
1081.412	0.070
1081.580	0.070
1081.748	0.071
1081.916	0.071
1082.085	0.070
1082.253	0.069
1082.421	0.070
1082.589	0.070
1082.757	0.069
1082.925	0.069
1083.094	0.069
1083.262	0.070
1083.430	0.068
1083.598	0.069
1083.766	0.069
1083.934	0.069
1084.102	0.069
1084.270	0.069
1084.438	0.068
1084.607	0.068
1084.775	0.068
1084.943	0.067
1085.111	0.067
1085.279	0.068
1085.447	0.067
1085.615	0.067
1085.783	0.067
1085.951	0.067
1086.119	0.067
1086.287	0.066
1086.455	0.065
1086.624	0.068
1086.792	0.066
1086.960	0.067
1087.128	0.067
1087.296	0.066
1087.464	0.066
1087.632	0.065
1087.800	0.066
1087.968	0.065
1088.136	0.066
1088.304	0.065
1088.472	0.066
1088.640	0.067
1088.808	0.065
1088.976	0.065
1089.144	0.065
1089.312	0.065
1089.480	0.064
1089.648	0.064
1089.816	0.064
1089.984	0.065
1090.152	0.064
1090.320	0.064
1090.488	0.065
1090.656	0.063
1090.824	0.065
1090.992	0.065
1091.160	0.065
1091.328	0.063
1091.496	0.066
1091.664	0.064
1091.832	0.064
1091.999	0.064
1092.167	0.063
1092.335	0.064
1092.503	0.065
1092.671	0.064
1092.839	0.063
1093.007	0.064
1093.175	0.062
1093.343	0.064
1093.511	0.063
1093.679	0.063
1093.846	0.049
1094.014	0.015
1094.182	-0.001
1094.350	-0.002
1094.518	-0.002
1094.686	-0.003
