488.501	0.043
488.657	0.044
488.812	0.042
488.968	0.044
489.124	0.043
489.280	0.042
489.435	0.043
489.591	0.041
489.747	0.041
489.903	0.041
490.058	0.041
490.214	0.041
490.370	0.040
490.526	0.040
490.682	0.039
490.837	0.039
490.993	0.038
491.149	0.038
491.305	0.037
491.461	0.037
491.617	0.036
491.773	0.034
491.929	0.034
492.084	0.034
492.240	0.034
492.396	0.033
492.552	0.034
492.708	0.031
492.864	0.029
493.020	0.030
493.176	0.029
493.332	0.027
493.488	0.027
493.644	0.025
493.800	0.026
493.956	0.024
494.112	0.026
494.268	0.023
494.424	0.024
494.581	0.021
494.737	0.022
494.893	0.020
495.049	0.021
495.205	0.018
495.361	0.020
495.517	0.019
495.673	0.018
495.830	0.017
495.986	0.020
496.142	0.018
496.298	0.017
496.454	0.016
496.611	0.016
496.767	0.016
496.923	0.016
497.079	0.016
497.236	0.015
497.392	0.015
497.548	0.014
497.704	0.017
497.861	0.017
498.017	0.017
498.173	0.016
498.330	0.016
498.486	0.018
498.642	0.017
498.799	0.018
498.955	0.018
499.112	0.020
499.268	0.019
499.424	0.021
499.581	0.023
499.737	0.024
499.894	0.024
500.050	0.025
500.207	0.026
500.363	0.028
500.519	0.030
500.676	0.030
500.832	0.030
500.989	0.033
501.146	0.034
501.302	0.035
501.459	0.036
501.615	0.037
501.772	0.039
501.928	0.042
502.085	0.042
502.241	0.044
502.398	0.045
502.555	0.047
502.711	0.048
502.868	0.052
503.025	0.053
503.181	0.054
503.338	0.054
503.495	0.058
503.651	0.059
503.808	0.062
503.965	0.062
504.121	0.064
504.278	0.066
504.435	0.069
504.592	0.070
504.748	0.073
504.905	0.072
505.062	0.073
505.219	0.075
505.375	0.078
505.532	0.079
505.689	0.083
505.846	0.083
506.003	0.085
506.160	0.087
506.317	0.091
506.473	0.090
506.630	0.094
506.787	0.093
506.944	0.096
507.101	0.098
507.258	0.097
507.415	0.101
507.572	0.104
507.729	0.102
507.886	0.105
508.043	0.107
508.200	0.110
508.357	0.107
508.514	0.110
508.671	0.109
508.828	0.115
508.985	0.113
509.142	0.114
509.299	0.114
509.456	0.116
509.613	0.120
509.770	0.120
509.927	0.120
510.084	0.124
510.241	0.122
510.398	0.126
510.556	0.126
510.713	0.128
510.870	0.127
511.027	0.129
511.184	0.128
511.341	0.130
511.499	0.131
511.656	0.132
511.813	0.132
511.970	0.136
512.127	0.133
512.285	0.134
512.442	0.135
512.599	0.138
512.757	0.135
512.914	0.138
513.071	0.137
513.228	0.139
513.386	0.138
513.543	0.141
513.700	0.141
513.858	0.141
514.015	0.142
514.172	0.142
514.330	0.141
514.487	0.143
514.645	0.142
514.802	0.144
514.959	0.142
515.117	0.143
515.274	0.143
515.432	0.143
515.589	0.143
515.747	0.146
515.904	0.146
516.062	0.145
516.219	0.143
516.377	0.143
516.534	0.140
516.692	0.147
516.849	0.142
517.007	0.145
517.164	0.143
517.322	0.145
517.479	0.142
517.637	0.144
517.795	0.142
517.952	0.143
518.110	0.140
518.267	0.141
518.425	0.141
518.583	0.141
518.740	0.140
518.898	0.140
519.056	0.137
519.213	0.136
519.371	0.137
519.529	0.139
519.686	0.136
519.844	0.134
520.002	0.133
520.160	0.132
520.317	0.133
520.475	0.133
520.633	0.133
520.791	0.132
520.949	0.128
521.106	0.129
521.264	0.126
521.422	0.126
521.580	0.123
521.738	0.124
521.895	0.124
522.053	0.122
522.211	0.119
522.369	0.119
522.527	0.116
522.685	0.116
522.843	0.115
523.001	0.114
523.159	0.111
523.317	0.112
523.475	0.111
523.632	0.108
523.790	0.106
523.948	0.107
524.106	0.099
524.264	0.101
524.422	0.099
524.580	0.099
524.738	0.096
524.897	0.095
525.055	0.093
525.213	0.091
525.371	0.089
525.529	0.089
525.687	0.084
525.845	0.085
526.003	0.081
526.161	0.082
526.319	0.078
526.477	0.078
526.636	0.075
526.794	0.075
526.952	0.074
527.110	0.071
527.268	0.068
527.426	0.068
527.585	0.065
527.743	0.063
527.901	0.063
528.059	0.062
528.217	0.060
528.376	0.058
528.534	0.054
528.692	0.053
528.851	0.052
529.009	0.051
529.167	0.049
529.325	0.048
529.484	0.047
529.642	0.045
529.800	0.041
529.959	0.042
530.117	0.042
530.275	0.040
530.434	0.037
530.592	0.036
530.751	0.036
530.909	0.034
531.067	0.035
531.226	0.032
531.384	0.031
531.543	0.030
531.701	0.029
531.860	0.027
532.018	0.026
532.177	0.024
532.335	0.024
532.494	0.023
532.652	0.021
532.811	0.022
532.969	0.020
533.128	0.022
533.286	0.021
533.445	0.021
533.603	0.019
533.762	0.020
533.920	0.019
534.079	0.021
534.238	0.018
534.396	0.020
534.555	0.017
534.714	0.020
534.872	0.019
535.031	0.019
535.189	0.021
535.348	0.021
535.507	0.020
535.666	0.021
535.824	0.023
535.983	0.024
536.142	0.022
536.300	0.026
536.459	0.026
536.618	0.026
536.777	0.028
536.935	0.029
537.094	0.029
537.253	0.032
537.412	0.031
537.570	0.033
537.729	0.034
537.888	0.037
538.047	0.037
538.206	0.039
538.365	0.041
538.523	0.043
538.682	0.045
538.841	0.045
539.000	0.047
539.159	0.050
539.318	0.052
539.477	0.053
539.636	0.055
539.795	0.059
539.954	0.061
540.113	0.062
540.272	0.062
540.430	0.066
540.589	0.068
540.748	0.070
540.907	0.071
541.066	0.073
541.225	0.074
541.385	0.079
541.544	0.080
541.703	0.082
541.862	0.086
542.021	0.088
542.180	0.088
542.339	0.093
542.498	0.095
542.657	0.095
542.816	0.098
542.975	0.101
543.134	0.102
543.294	0.105
543.453	0.105
543.612	0.108
543.771	0.111
543.930	0.114
544.089	0.114
544.249	0.119
544.408	0.121
544.567	0.123
544.726	0.123
544.885	0.128
545.045	0.128
545.204	0.134
545.363	0.132
545.522	0.136
545.682	0.139
545.841	0.141
546.000	0.143
546.160	0.144
546.319	0.146
546.478	0.149
546.638	0.152
546.797	0.155
546.956	0.155
547.116	0.157
547.275	0.160
547.434	0.161
547.594	0.161
547.753	0.165
547.912	0.166
548.072	0.169
548.231	0.168
548.391	0.173
548.550	0.174
548.710	0.178
548.869	0.177
549.029	0.181
549.188	0.181
549.348	0.184
549.507	0.183
549.667	0.187
549.826	0.185
549.986	0.191
550.145	0.190
550.305	0.192
550.464	0.192
550.624	0.196
550.783	0.195
550.943	0.198
551.102	0.198
551.262	0.201
551.422	0.201
551.581	0.202
551.741	0.204
551.901	0.205
552.060	0.207
552.220	0.209
552.379	0.209
552.539	0.209
552.699	0.213
552.858	0.214
553.018	0.216
553.178	0.219
553.338	0.216
553.497	0.217
553.657	0.219
553.817	0.219
553.977	0.221
554.136	0.223
554.296	0.221
554.456	0.223
554.616	0.222
554.775	0.223
554.935	0.224
555.095	0.224
555.255	0.224
555.415	0.225
555.574	0.222
555.734	0.226
555.894	0.225
556.054	0.229
556.214	0.225
556.374	0.228
556.534	0.226
556.694	0.229
556.854	0.229
557.013	0.227
557.173	0.229
557.333	0.229
557.493	0.225
557.653	0.226
557.813	0.226
557.973	0.228
558.133	0.227
558.293	0.226
558.453	0.228
558.613	0.226
558.773	0.226
558.933	0.229
559.093	0.225
559.253	0.225
559.413	0.223
559.573	0.223
559.733	0.223
559.893	0.221
560.054	0.219
560.214	0.221
560.374	0.219
560.534	0.217
560.694	0.215
560.854	0.218
561.014	0.212
561.174	0.215
561.335	0.213
561.495	0.213
561.655	0.209
561.815	0.212
561.975	0.210
562.135	0.209
562.296	0.204
562.456	0.204
562.616	0.198
562.776	0.201
562.937	0.200
563.097	0.197
563.257	0.194
563.417	0.191
563.578	0.190
563.738	0.192
563.898	0.188
564.059	0.185
564.219	0.182
564.379	0.186
564.540	0.182
564.700	0.183
564.860	0.180
565.021	0.177
565.181	0.175
565.341	0.171
565.502	0.169
565.662	0.169
565.822	0.165
565.983	0.162
566.143	0.159
566.304	0.158
566.464	0.156
566.625	0.155
566.785	0.150
566.946	0.149
567.106	0.149
567.266	0.145
567.427	0.139
567.587	0.139
567.748	0.138
567.908	0.134
568.069	0.129
568.230	0.128
568.390	0.125
568.551	0.121
568.711	0.119
568.872	0.114
569.032	0.114
569.193	0.112
569.354	0.108
569.514	0.107
569.675	0.104
569.835	0.101
569.996	0.098
570.157	0.098
570.317	0.093
570.478	0.090
570.639	0.088
570.799	0.087
570.960	0.083
571.121	0.081
571.281	0.079
571.442	0.078
571.603	0.074
571.763	0.071
571.924	0.067
572.085	0.068
572.246	0.065
572.406	0.062
572.567	0.060
572.728	0.059
572.889	0.055
573.049	0.053
573.210	0.051
573.371	0.048
573.532	0.047
573.693	0.046
573.854	0.045
574.014	0.043
574.175	0.040
574.336	0.039
574.497	0.038
574.658	0.035
574.819	0.035
574.980	0.033
575.141	0.032
575.301	0.031
575.462	0.029
575.623	0.029
575.784	0.028
575.945	0.026
576.106	0.026
576.267	0.027
576.428	0.024
576.589	0.024
576.750	0.024
576.911	0.023
577.072	0.023
577.233	0.025
577.394	0.024
577.555	0.025
577.716	0.022
577.877	0.024
578.038	0.023
578.199	0.024
578.360	0.023
578.521	0.025
578.682	0.025
578.843	0.026
579.005	0.026
579.166	0.027
579.327	0.029
579.488	0.030
579.649	0.029
579.810	0.034
579.971	0.033
580.133	0.033
580.294	0.035
580.455	0.037
580.616	0.037
580.777	0.040
580.938	0.041
581.100	0.044
581.261	0.044
581.422	0.046
581.583	0.046
581.745	0.052
581.906	0.049
582.067	0.054
582.228	0.054
582.390	0.056
582.551	0.059
582.712	0.061
582.874	0.064
583.035	0.066
583.196	0.067
583.357	0.069
583.519	0.073
583.680	0.074
583.841	0.075
584.003	0.079
584.164	0.079
584.326	0.083
584.487	0.084
584.648	0.087
584.810	0.089
584.971	0.091
585.133	0.093
585.294	0.096
585.455	0.098
585.617	0.101
585.778	0.103
585.940	0.107
586.101	0.107
586.263	0.111
586.424	0.111
586.586	0.115
586.747	0.116
586.909	0.119
587.070	0.119
587.232	0.124
587.393	0.125
587.555	0.126
587.716	0.129
587.878	0.132
588.039	0.135
588.201	0.136
588.363	0.137
588.524	0.142
588.686	0.143
588.847	0.146
589.009	0.143
589.171	0.150
589.332	0.151
589.494	0.153
589.656	0.153
589.817	0.156
589.979	0.156
590.141	0.162
590.302	0.165
590.464	0.165
590.626	0.165
590.787	0.168
590.949	0.167
591.111	0.172
591.272	0.170
591.434	0.175
591.596	0.173
591.758	0.178
591.919	0.178
592.081	0.182
592.243	0.183
592.405	0.185
592.566	0.186
592.728	0.189
592.890	0.189
593.052	0.190
593.214	0.192
593.376	0.197
593.537	0.195
593.699	0.197
593.861	0.200
594.023	0.198
594.185	0.201
594.347	0.205
594.509	0.204
594.670	0.205
594.832	0.204
594.994	0.208
595.156	0.207
595.318	0.212
595.480	0.211
595.642	0.214
595.804	0.213
595.966	0.217
596.128	0.216
596.290	0.218
596.452	0.219
596.614	0.221
596.776	0.222
596.938	0.224
597.100	0.222
597.262	0.225
597.424	0.225
597.586	0.228
597.748	0.228
597.910	0.229
598.072	0.229
598.234	0.231
598.396	0.232
598.558	0.233
598.720	0.232
598.882	0.232
599.045	0.234
599.207	0.235
599.369	0.235
599.531	0.236
599.693	0.237
599.855	0.238
600.017	0.237
600.180	0.236
600.342	0.237
600.504	0.241
600.666	0.236
600.828	0.241
600.990	0.239
601.153	0.238
601.315	0.239
601.477	0.241
601.639	0.242
601.802	0.242
601.964	0.242
602.126	0.243
602.288	0.240
602.451	0.243
602.613	0.242
602.775	0.244
602.938	0.241
603.100	0.242
603.262	0.242
603.424	0.242
603.587	0.240
603.749	0.240
603.911	0.240
604.074	0.241
604.236	0.239
604.399	0.241
604.561	0.239
604.723	0.239
604.886	0.240
605.048	0.240
605.210	0.239
605.373	0.241
605.535	0.234
605.698	0.238
605.860	0.235
606.023	0.237
606.185	0.235
606.347	0.237
606.510	0.233
606.672	0.233
606.835	0.232
606.997	0.233
607.160	0.229
607.322	0.232
607.485	0.227
607.647	0.229
607.810	0.225
607.972	0.226
608.135	0.225
608.298	0.225
608.460	0.223
608.623	0.224
608.785	0.221
608.948	0.219
609.110	0.219
609.273	0.219
609.436	0.215
609.598	0.216
609.761	0.213
609.923	0.213
610.086	0.211
610.249	0.210
610.411	0.205
610.574	0.208
610.737	0.203
610.899	0.204
611.062	0.201
611.225	0.201
611.387	0.198
611.550	0.200
611.713	0.195
611.876	0.194
612.038	0.189
612.201	0.189
612.364	0.187
612.526	0.186
612.689	0.184
612.852	0.185
613.015	0.181
613.178	0.179
613.340	0.177
613.503	0.175
613.666	0.174
613.829	0.173
613.992	0.169
614.154	0.168
614.317	0.166
614.480	0.164
614.643	0.158
614.806	0.160
614.969	0.156
615.131	0.154
615.294	0.152
615.457	0.150
615.620	0.147
615.783	0.147
615.946	0.143
616.109	0.138
616.272	0.138
616.435	0.136
616.598	0.135
616.761	0.132
616.923	0.130
617.086	0.124
617.249	0.124
617.412	0.122
617.575	0.118
617.738	0.117
617.901	0.115
618.064	0.113
618.227	0.109
618.390	0.106
618.553	0.104
618.716	0.102
618.879	0.098
619.042	0.099
619.205	0.095
619.369	0.094
619.532	0.090
619.695	0.091
619.858	0.085
620.021	0.084
620.184	0.080
620.347	0.079
620.510	0.075
620.673	0.076
620.836	0.072
621.000	0.070
621.163	0.066
621.326	0.065
621.489	0.062
621.652	0.061
621.815	0.057
621.978	0.058
622.142	0.053
622.305	0.054
622.468	0.050
622.631	0.053
622.794	0.049
622.958	0.046
623.121	0.046
623.284	0.043
623.447	0.042
623.611	0.040
623.774	0.038
623.937	0.037
624.100	0.036
624.264	0.035
624.427	0.032
624.590	0.033
624.754	0.029
624.917	0.028
625.080	0.028
625.244	0.027
625.407	0.026
625.570	0.025
625.734	0.024
625.897	0.025
626.060	0.021
626.224	0.025
626.387	0.022
626.550	0.021
626.714	0.020
626.877	0.023
627.041	0.021
627.204	0.022
627.367	0.021
627.531	0.021
627.694	0.021
627.858	0.022
628.021	0.021
628.185	0.023
628.348	0.021
628.511	0.024
628.675	0.024
628.838	0.024
629.002	0.025
629.165	0.025
629.329	0.027
629.492	0.028
629.656	0.029
629.819	0.029
629.983	0.029
630.147	0.033
630.310	0.033
630.474	0.034
630.637	0.036
630.801	0.038
630.964	0.038
631.128	0.040
631.291	0.041
631.455	0.043
631.619	0.044
631.782	0.046
631.946	0.050
632.110	0.050
632.273	0.050
632.437	0.053
632.600	0.053
632.764	0.058
632.928	0.058
633.091	0.061
633.255	0.064
633.419	0.067
633.582	0.068
633.746	0.070
633.910	0.070
634.074	0.075
634.237	0.076
634.401	0.081
634.565	0.080
634.728	0.081
634.892	0.084
635.056	0.088
635.220	0.090
635.383	0.092
635.547	0.094
635.711	0.098
635.875	0.099
636.039	0.102
636.202	0.104
636.366	0.108
636.530	0.108
636.694	0.112
636.858	0.113
637.021	0.118
637.185	0.118
637.349	0.120
637.513	0.122
637.677	0.124
637.841	0.124
638.005	0.130
638.168	0.132
638.332	0.135
638.496	0.137
638.660	0.138
638.824	0.140
638.988	0.144
639.152	0.143
639.316	0.149
639.480	0.149
639.644	0.154
639.808	0.155
639.972	0.159
640.135	0.160
640.299	0.160
640.463	0.162
640.627	0.165
640.791	0.168
640.955	0.172
641.119	0.170
641.283	0.174
641.447	0.175
641.611	0.180
641.775	0.178
641.940	0.183
642.104	0.184
642.268	0.185
642.432	0.187
642.596	0.190
642.760	0.191
642.924	0.200
643.088	0.192
643.252	0.195
643.416	0.199
643.580	0.201
643.744	0.202
643.908	0.205
644.073	0.206
644.237	0.210
644.401	0.208
644.565	0.212
644.729	0.210
644.893	0.216
645.058	0.215
645.222	0.219
645.386	0.218
645.550	0.224
645.714	0.219
645.878	0.222
646.043	0.222
646.207	0.225
646.371	0.225
646.535	0.229
646.700	0.228
646.864	0.232
647.028	0.230
647.192	0.233
647.357	0.233
647.521	0.233
647.685	0.232
647.849	0.236
648.014	0.233
648.178	0.235
648.342	0.236
648.507	0.235
648.671	0.238
648.835	0.235
649.000	0.235
649.164	0.237
649.328	0.235
649.493	0.239
649.657	0.237
649.821	0.241
649.986	0.239
650.150	0.242
650.314	0.239
650.479	0.239
650.643	0.237
650.808	0.241
650.972	0.240
651.136	0.241
651.301	0.241
651.465	0.243
651.630	0.240
651.794	0.241
651.959	0.241
652.123	0.244
652.287	0.240
652.452	0.242
652.616	0.243
652.781	0.243
652.945	0.241
653.110	0.246
653.274	0.241
653.439	0.246
653.603	0.242
653.768	0.245
653.932	0.245
654.097	0.245
654.261	0.245
654.426	0.248
654.591	0.245
654.755	0.246
654.920	0.248
655.084	0.249
655.249	0.247
655.413	0.248
655.578	0.247
655.743	0.245
655.907	0.244
656.072	0.247
656.236	0.246
656.401	0.248
656.566	0.247
656.730	0.249
656.895	0.250
657.060	0.249
657.224	0.246
657.389	0.250
657.554	0.246
657.718	0.250
657.883	0.244
658.048	0.247
658.212	0.247
658.377	0.250
658.542	0.247
658.706	0.248
658.871	0.248
659.036	0.248
659.201	0.245
659.365	0.246
659.530	0.246
659.695	0.249
659.860	0.247
660.024	0.250
660.189	0.248
660.354	0.247
660.519	0.245
660.683	0.245
660.848	0.245
661.013	0.248
661.178	0.248
661.343	0.246
661.507	0.243
661.672	0.246
661.837	0.244
662.002	0.242
662.167	0.243
662.332	0.242
662.496	0.245
662.661	0.240
662.826	0.238
662.991	0.237
663.156	0.237
663.321	0.240
663.486	0.237
663.651	0.238
663.816	0.236
663.980	0.236
664.145	0.235
664.310	0.233
664.475	0.233
664.640	0.234
664.805	0.232
664.970	0.231
665.135	0.230
665.300	0.234
665.465	0.228
665.630	0.229
665.795	0.226
665.960	0.228
666.125	0.226
666.290	0.225
666.455	0.223
666.620	0.221
666.785	0.220
666.950	0.220
667.115	0.218
667.280	0.220
667.445	0.214
667.610	0.214
667.775	0.210
667.940	0.211
668.105	0.207
668.270	0.208
668.436	0.204
668.601	0.203
668.766	0.200
668.931	0.203
669.096	0.196
669.261	0.198
669.426	0.195
669.591	0.194
669.756	0.192
669.922	0.192
670.087	0.187
670.252	0.187
670.417	0.184
670.582	0.183
670.747	0.179
670.912	0.177
671.078	0.176
671.243	0.174
671.408	0.172
671.573	0.171
671.738	0.167
671.904	0.164
672.069	0.162
672.234	0.159
672.399	0.158
672.565	0.157
672.730	0.155
672.895	0.151
673.060	0.149
673.226	0.146
673.391	0.142
673.556	0.140
673.721	0.137
673.887	0.134
674.052	0.128
674.217	0.127
674.383	0.126
674.548	0.121
674.713	0.119
674.878	0.117
675.044	0.113
675.209	0.112
675.374	0.106
675.540	0.104
675.705	0.101
675.871	0.098
676.036	0.095
676.201	0.094
676.367	0.091
676.532	0.088
676.697	0.083
676.863	0.083
677.028	0.078
677.194	0.077
677.359	0.072
677.524	0.071
677.690	0.067
677.855	0.065
678.021	0.061
678.186	0.061
678.352	0.057
678.517	0.054
678.682	0.051
678.848	0.053
679.013	0.048
679.179	0.046
679.344	0.043
679.510	0.043
679.675	0.039
679.841	0.038
680.006	0.036
680.172	0.035
680.337	0.034
680.503	0.033
680.668	0.031
680.834	0.030
680.999	0.027
681.165	0.029
681.331	0.026
681.496	0.026
681.662	0.026
681.827	0.027
681.993	0.026
682.158	0.026
682.324	0.027
682.490	0.026
682.655	0.027
682.821	0.030
682.986	0.029
683.152	0.031
683.318	0.033
683.483	0.035
683.649	0.036
683.815	0.036
683.980	0.039
684.146	0.044
684.311	0.044
684.477	0.047
684.643	0.048
684.808	0.052
684.974	0.052
685.140	0.059
685.306	0.061
685.471	0.066
685.637	0.068
685.803	0.073
685.968	0.077
686.134	0.082
686.300	0.085
686.466	0.091
686.631	0.094
686.797	0.101
686.963	0.105
687.128	0.110
687.294	0.114
687.460	0.123
687.626	0.128
687.792	0.133
687.957	0.139
688.123	0.145
688.289	0.150
688.455	0.156
688.621	0.163
688.786	0.170
688.952	0.174
689.118	0.181
689.284	0.187
689.450	0.196
689.615	0.203
689.781	0.210
689.947	0.216
690.113	0.226
690.279	0.231
690.445	0.236
690.611	0.242
690.777	0.251
690.942	0.257
691.108	0.265
691.274	0.272
691.440	0.282
691.606	0.287
691.772	0.295
691.938	0.302
692.104	0.310
692.270	0.314
692.436	0.323
692.602	0.330
692.767	0.339
692.933	0.344
693.099	0.353
693.265	0.359
693.431	0.365
693.597	0.371
693.763	0.382
693.929	0.386
694.095	0.393
694.261	0.399
694.427	0.406
694.593	0.413
694.759	0.420
694.925	0.424
695.091	0.434
695.257	0.439
695.423	0.445
695.589	0.449
695.755	0.458
695.921	0.462
696.088	0.468
696.254	0.471
696.420	0.476
696.586	0.479
696.752	0.488
696.918	0.495
697.084	0.503
697.250	0.504
697.416	0.515
697.582	0.519
697.748	0.523
697.915	0.524
698.081	0.534
698.247	0.536
698.413	0.546
698.579	0.546
698.745	0.552
698.911	0.554
699.077	0.560
699.244	0.562
699.410	0.565
699.576	0.569
699.742	0.574
699.908	0.577
700.075	0.587
700.241	0.587
700.407	0.590
700.573	0.586
700.739	0.593
700.906	0.594
701.072	0.598
701.238	0.600
701.404	0.613
701.570	0.612
701.737	0.621
701.903	0.622
702.069	0.630
702.235	0.631
702.402	0.638
702.568	0.637
702.734	0.638
702.901	0.641
703.067	0.648
703.233	0.655
703.399	0.658
703.566	0.660
703.732	0.668
703.898	0.667
704.065	0.670
704.231	0.674
704.397	0.680
704.564	0.688
704.730	0.689
704.896	0.681
705.063	0.685
705.229	0.685
705.395	0.690
705.562	0.695
705.728	0.697
705.894	0.694
706.061	0.695
706.227	0.696
706.394	0.700
706.560	0.699
706.726	0.703
706.893	0.704
707.059	0.714
707.226	0.710
707.392	0.714
707.558	0.710
707.725	0.713
707.891	0.716
708.058	0.720
708.224	0.717
708.391	0.723
708.557	0.725
708.724	0.730
708.890	0.725
709.057	0.728
709.223	0.726
709.389	0.732
709.556	0.735
709.722	0.742
709.889	0.738
710.055	0.743
710.222	0.743
710.389	0.743
710.555	0.743
710.722	0.745
710.888	0.741
711.055	0.748
711.221	0.743
711.388	0.747
711.554	0.744
711.721	0.752
711.887	0.751
712.054	0.749
712.220	0.753
712.387	0.752
712.554	0.756
712.720	0.761
712.887	0.754
713.053	0.761
713.220	0.759
713.387	0.760
713.553	0.759
713.720	0.763
713.886	0.760
714.053	0.761
714.220	0.761
714.386	0.767
714.553	0.766
714.720	0.769
714.886	0.770
715.053	0.769
715.220	0.765
715.386	0.767
715.553	0.765
715.720	0.769
715.886	0.770
716.053	0.769
716.220	0.767
716.386	0.771
716.553	0.766
716.720	0.768
716.887	0.766
717.053	0.762
717.220	0.762
717.387	0.765
717.553	0.764
717.720	0.766
717.887	0.759
718.054	0.762
718.220	0.760
718.387	0.765
718.554	0.762
718.721	0.761
718.887	0.761
719.054	0.763
719.221	0.763
719.388	0.760
719.555	0.762
719.721	0.762
719.888	0.756
720.055	0.759
720.222	0.760
720.389	0.759
720.555	0.757
720.722	0.753
720.889	0.752
721.056	0.752
721.223	0.753
721.390	0.752
721.556	0.750
721.723	0.748
721.890	0.752
722.057	0.757
722.224	0.753
722.391	0.754
722.558	0.757
722.725	0.758
722.891	0.752
723.058	0.749
723.225	0.748
723.392	0.761
723.559	0.756
723.726	0.755
723.893	0.750
724.060	0.746
724.227	0.744
724.394	0.750
724.561	0.746
724.728	0.747
724.895	0.751
725.061	0.754
725.228	0.750
725.395	0.745
725.562	0.751
725.729	0.750
725.896	0.747
726.063	0.747
726.230	0.747
726.397	0.747
726.564	0.741
726.731	0.747
726.898	0.748
727.065	0.753
727.232	0.754
727.399	0.760
727.566	0.752
727.733	0.752
727.900	0.752
728.067	0.755
728.234	0.751
728.402	0.760
728.569	0.759
728.736	0.758
728.903	0.751
729.070	0.752
729.237	0.752
729.404	0.753
729.571	0.756
729.738	0.761
729.905	0.759
730.072	0.759
730.239	0.759
730.406	0.762
730.574	0.763
730.741	0.766
730.908	0.760
731.075	0.757
731.242	0.759
731.409	0.761
731.576	0.756
731.743	0.757
731.911	0.760
732.078	0.764
732.245	0.765
732.412	0.753
732.579	0.762
732.746	0.758
732.914	0.767
733.081	0.767
733.248	0.763
733.415	0.764
733.582	0.770
733.749	0.765
733.917	0.768
734.084	0.768
734.251	0.769
734.418	0.764
734.586	0.766
734.753	0.763
734.920	0.770
735.087	0.771
735.254	0.770
735.422	0.770
735.589	0.767
735.756	0.766
735.923	0.769
736.091	0.771
736.258	0.773
736.425	0.766
736.593	0.769
736.760	0.769
736.927	0.773
737.094	0.769
737.262	0.771
737.429	0.768
737.596	0.770
737.764	0.773
737.931	0.775
738.098	0.771
738.266	0.775
738.433	0.772
738.600	0.772
738.767	0.773
738.935	0.772
739.102	0.774
739.270	0.772
739.437	0.774
739.604	0.775
739.772	0.773
739.939	0.777
740.106	0.780
740.274	0.776
740.441	0.777
740.608	0.779
740.776	0.779
740.943	0.783
741.111	0.775
741.278	0.775
741.445	0.771
741.613	0.775
741.780	0.769
741.948	0.772
742.115	0.772
742.282	0.775
742.450	0.771
742.617	0.775
742.785	0.771
742.952	0.775
743.120	0.769
743.287	0.771
743.455	0.765
743.622	0.769
743.790	0.767
743.957	0.768
744.124	0.764
744.292	0.765
744.459	0.764
744.627	0.769
744.794	0.761
744.962	0.764
745.129	0.767
745.297	0.763
745.464	0.763
745.632	0.766
745.799	0.764
745.967	0.768
746.134	0.768
746.302	0.772
746.470	0.773
746.637	0.775
746.805	0.772
746.972	0.772
747.140	0.764
747.307	0.769
747.475	0.772
747.642	0.772
747.810	0.770
747.978	0.773
748.145	0.767
748.313	0.770
748.480	0.769
748.648	0.770
748.815	0.764
748.983	0.765
749.151	0.766
749.318	0.768
749.486	0.763
749.654	0.767
749.821	0.766
749.989	0.767
750.156	0.766
750.324	0.770
750.492	0.769
750.659	0.769
750.827	0.764
750.995	0.764
751.162	0.765
751.330	0.762
751.498	0.766
751.665	0.765
751.833	0.767
752.001	0.767
752.168	0.764
752.336	0.762
752.504	0.765
752.671	0.763
752.839	0.765
753.007	0.764
753.174	0.766
753.342	0.770
753.510	0.770
753.678	0.766
753.845	0.770
754.013	0.765
754.181	0.764
754.348	0.767
754.516	0.761
754.684	0.764
754.852	0.760
755.019	0.759
755.187	0.756
755.355	0.758
755.523	0.757
755.690	0.757
755.858	0.754
756.026	0.759
756.194	0.757
756.362	0.756
756.529	0.757
756.697	0.758
756.865	0.755
757.033	0.753
757.200	0.750
757.368	0.755
757.536	0.751
757.704	0.756
757.872	0.750
758.040	0.751
758.207	0.752
758.375	0.756
758.543	0.753
758.711	0.756
758.879	0.752
759.047	0.756
759.214	0.751
759.382	0.751
759.550	0.746
759.718	0.752
759.886	0.748
760.054	0.752
760.222	0.749
760.389	0.749
760.557	0.745
760.725	0.745
760.893	0.745
761.061	0.748
761.229	0.746
761.397	0.748
761.565	0.748
761.733	0.748
761.900	0.743
762.068	0.747
762.236	0.743
762.404	0.746
762.572	0.740
762.740	0.740
762.908	0.737
763.076	0.736
763.244	0.733
763.412	0.735
763.580	0.733
763.748	0.731
763.916	0.731
764.084	0.732
764.252	0.730
764.420	0.733
764.588	0.732
764.756	0.730
764.924	0.734
765.092	0.732
765.260	0.736
765.428	0.727
765.596	0.730
765.764	0.728
765.932	0.727
766.100	0.732
766.268	0.727
766.436	0.730
766.604	0.729
766.772	0.730
766.940	0.728
767.108	0.732
767.276	0.726
767.444	0.726
767.612	0.719
767.780	0.724
767.948	0.726
768.116	0.728
768.284	0.725
768.452	0.728
768.620	0.728
768.788	0.725
768.956	0.726
769.124	0.728
769.292	0.721
769.461	0.726
769.629	0.727
769.797	0.726
769.965	0.727
770.133	0.727
770.301	0.726
770.469	0.730
770.637	0.725
770.805	0.727
770.973	0.725
771.142	0.726
771.310	0.724
771.478	0.727
771.646	0.724
771.814	0.722
771.982	0.721
772.150	0.722
772.318	0.724
772.487	0.727
772.655	0.727
772.823	0.724
772.991	0.718
773.159	0.719
773.327	0.719
773.496	0.715
773.664	0.717
773.832	0.718
774.000	0.717
774.168	0.717
774.337	0.718
774.505	0.717
774.673	0.717
774.841	0.719
775.009	0.716
775.178	0.715
775.346	0.713
775.514	0.714
775.682	0.714
775.850	0.714
776.019	0.713
776.187	0.710
776.355	0.712
776.523	0.711
776.692	0.712
776.860	0.707
777.028	0.708
777.196	0.707
777.365	0.713
777.533	0.705
777.701	0.702
777.869	0.702
778.038	0.703
778.206	0.703
778.374	0.706
778.542	0.704
778.711	0.706
778.879	0.708
779.047	0.706
779.216	0.702
779.384	0.702
779.552	0.703
779.721	0.705
779.889	0.704
780.057	0.701
780.225	0.701
780.394	0.700
780.562	0.703
780.730	0.704
780.899	0.708
781.067	0.706
781.235	0.699
781.404	0.699
781.572	0.702
781.740	0.701
781.909	0.697
782.077	0.701
782.246	0.694
782.414	0.695
782.582	0.696
782.751	0.698
782.919	0.696
783.087	0.692
783.256	0.690
783.424	0.692
783.592	0.691
783.761	0.689
783.929	0.688
784.098	0.687
784.266	0.686
784.434	0.689
784.603	0.683
784.771	0.689
784.940	0.684
785.108	0.685
785.277	0.686
785.445	0.683
785.613	0.684
785.782	0.686
785.950	0.684
786.119	0.685
786.287	0.682
786.456	0.687
786.624	0.683
786.792	0.681
786.961	0.682
787.129	0.683
787.298	0.680
787.466	0.683
787.635	0.683
787.803	0.682
787.972	0.683
788.140	0.682
788.309	0.681
788.477	0.679
788.646	0.678
788.814	0.677
788.983	0.680
789.151	0.677
789.320	0.677
789.488	0.678
789.657	0.676
789.825	0.674
789.994	0.669
790.162	0.671
790.331	0.670
790.499	0.670
790.668	0.669
790.836	0.665
791.005	0.666
791.173	0.666
791.342	0.664
791.510	0.662
791.679	0.658
791.847	0.658
792.016	0.658
792.184	0.657
792.353	0.655
792.522	0.655
792.690	0.652
792.859	0.654
793.027	0.656
793.196	0.661
793.364	0.654
793.533	0.656
793.702	0.656
793.870	0.656
794.039	0.654
794.207	0.653
794.376	0.653
794.545	0.654
794.713	0.652
794.882	0.653
795.050	0.648
795.219	0.649
795.388	0.645
795.556	0.645
795.725	0.646
795.893	0.645
796.062	0.645
796.231	0.643
796.399	0.642
796.568	0.638
796.737	0.640
796.905	0.639
797.074	0.643
797.243	0.640
797.411	0.636
797.580	0.639
797.748	0.638
797.917	0.635
798.086	0.636
798.254	0.633
798.423	0.635
798.592	0.634
798.760	0.631
798.929	0.634
799.098	0.633
799.267	0.631
799.435	0.626
799.604	0.626
799.773	0.625
799.941	0.625
800.110	0.627
800.279	0.626
800.447	0.623
800.616	0.625
800.785	0.624
800.954	0.622
801.122	0.622
801.291	0.620
801.460	0.620
801.628	0.623
801.797	0.619
801.966	0.619
802.135	0.619
802.303	0.622
802.472	0.621
802.641	0.621
802.810	0.620
802.978	0.620
803.147	0.616
803.316	0.616
803.485	0.616
803.653	0.620
803.822	0.618
803.991	0.619
804.160	0.616
804.328	0.613
804.497	0.615
804.666	0.614
804.835	0.612
805.004	0.612
805.172	0.609
805.341	0.610
805.510	0.609
805.679	0.607
805.848	0.607
806.016	0.605
806.185	0.603
806.354	0.601
806.523	0.598
806.692	0.599
806.860	0.598
807.029	0.600
807.198	0.595
807.367	0.595
807.536	0.597
807.704	0.598
807.873	0.598
808.042	0.599
808.211	0.594
808.380	0.598
808.549	0.590
808.718	0.591
808.886	0.595
809.055	0.590
809.224	0.593
809.393	0.590
809.562	0.589
809.731	0.590
809.900	0.586
810.068	0.588
810.237	0.586
810.406	0.586
810.575	0.586
810.744	0.587
810.913	0.582
811.082	0.583
811.251	0.577
811.419	0.579
811.588	0.579
811.757	0.582
811.926	0.579
812.095	0.578
812.264	0.579
812.433	0.578
812.602	0.578
812.771	0.578
812.940	0.580
813.108	0.578
813.277	0.576
813.446	0.580
813.615	0.577
813.784	0.578
813.953	0.575
814.122	0.574
814.291	0.572
814.460	0.575
814.629	0.573
814.798	0.571
814.967	0.567
815.136	0.570
815.305	0.572
815.474	0.574
815.643	0.569
815.812	0.573
815.981	0.568
816.149	0.569
816.318	0.569
816.487	0.568
816.656	0.566
816.825	0.567
816.994	0.565
817.163	0.565
817.332	0.566
817.501	0.564
817.670	0.560
817.839	0.560
818.008	0.559
818.177	0.562
818.346	0.564
818.515	0.561
818.684	0.560
818.853	0.558
819.022	0.556
819.191	0.556
819.360	0.561
819.529	0.557
819.698	0.557
819.867	0.558
820.036	0.557
820.205	0.558
820.374	0.555
820.544	0.556
820.713	0.551
820.882	0.555
821.051	0.559
821.220	0.553
821.389	0.552
821.558	0.554
821.727	0.552
821.896	0.550
822.065	0.550
822.234	0.548
822.403	0.550
822.572	0.549
822.741	0.549
822.910	0.551
823.079	0.551
823.248	0.547
823.417	0.546
823.587	0.541
823.756	0.548
823.925	0.548
824.094	0.546
824.263	0.541
824.432	0.544
824.601	0.546
824.770	0.546
824.939	0.545
825.108	0.543
825.277	0.543
825.447	0.541
825.616	0.537
825.785	0.539
825.954	0.535
826.123	0.537
826.292	0.533
826.461	0.534
826.630	0.536
826.799	0.537
826.969	0.535
827.138	0.531
827.307	0.531
827.476	0.534
827.645	0.534
827.814	0.531
827.983	0.530
828.153	0.533
828.322	0.535
828.491	0.529
828.660	0.529
828.829	0.531
828.998	0.525
829.167	0.530
829.337	0.524
829.506	0.527
829.675	0.521
829.844	0.523
830.013	0.521
830.182	0.524
830.352	0.524
830.521	0.522
830.690	0.525
830.859	0.523
831.028	0.521
831.198	0.520
831.367	0.520
831.536	0.518
831.705	0.520
831.874	0.523
832.043	0.516
832.213	0.516
832.382	0.514
832.551	0.516
832.720	0.513
832.890	0.513
833.059	0.514
833.228	0.513
833.397	0.514
833.566	0.515
833.736	0.515
833.905	0.514
834.074	0.512
834.243	0.512
834.412	0.514
834.582	0.515
834.751	0.515
834.920	0.513
835.089	0.511
835.259	0.511
835.428	0.509
835.597	0.512
835.766	0.512
835.936	0.509
836.105	0.511
836.274	0.509
836.443	0.507
836.613	0.508
836.782	0.507
836.951	0.511
837.120	0.511
837.290	0.511
837.459	0.510
837.628	0.509
837.797	0.513
837.967	0.509
838.136	0.509
838.305	0.505
838.475	0.503
838.644	0.506
838.813	0.507
838.982	0.504
839.152	0.506
839.321	0.506
839.490	0.504
839.660	0.508
839.829	0.507
839.998	0.505
840.167	0.503
840.337	0.506
840.506	0.504
840.675	0.502
840.845	0.499
841.014	0.503
841.183	0.504
841.353	0.503
841.522	0.506
841.691	0.504
841.861	0.503
842.030	0.502
842.199	0.500
842.369	0.503
842.538	0.506
842.707	0.500
842.877	0.500
843.046	0.500
843.215	0.500
843.385	0.504
843.554	0.504
843.723	0.504
843.893	0.498
844.062	0.497
844.231	0.502
844.401	0.502
844.570	0.503
844.739	0.505
844.909	0.503
845.078	0.496
845.247	0.496
845.417	0.495
845.586	0.495
845.755	0.492
845.925	0.493
846.094	0.494
846.264	0.496
846.433	0.492
846.602	0.493
846.772	0.496
846.941	0.495
847.110	0.497
847.280	0.497
847.449	0.495
847.619	0.495
847.788	0.494
847.957	0.495
848.127	0.495
848.296	0.493
848.466	0.494
848.635	0.491
848.804	0.493
848.974	0.493
849.143	0.493
849.313	0.493
849.482	0.491
849.651	0.489
849.821	0.493
849.990	0.492
850.160	0.495
850.329	0.493
850.498	0.493
850.668	0.490
850.837	0.491
851.007	0.491
851.176	0.489
851.346	0.492
851.515	0.493
851.684	0.491
851.854	0.491
852.023	0.492
852.193	0.491
852.362	0.493
852.532	0.494
852.701	0.490
852.871	0.494
853.040	0.491
853.209	0.492
853.379	0.491
853.548	0.490
853.718	0.488
853.887	0.492
854.057	0.492
854.226	0.490
854.396	0.489
854.565	0.488
854.734	0.487
854.904	0.486
855.073	0.487
855.243	0.487
855.412	0.487
855.582	0.486
855.751	0.485
855.921	0.488
856.090	0.485
856.260	0.482
856.429	0.479
856.599	0.482
856.768	0.481
856.938	0.480
857.107	0.480
857.277	0.480
857.446	0.481
857.616	0.479
857.785	0.472
857.955	0.476
858.124	0.474
858.294	0.480
858.463	0.478
858.633	0.477
858.802	0.476
858.972	0.477
859.141	0.474
859.311	0.476
859.480	0.476
859.650	0.476
859.819	0.475
859.989	0.474
860.158	0.474
860.328	0.474
860.497	0.474
860.667	0.471
860.836	0.470
861.006	0.471
861.175	0.469
861.345	0.469
861.514	0.467
861.684	0.469
861.853	0.467
862.023	0.468
862.192	0.470
862.362	0.468
862.532	0.468
862.701	0.468
862.871	0.469
863.040	0.468
863.210	0.467
863.379	0.466
863.549	0.465
863.718	0.465
863.888	0.460
864.057	0.461
864.227	0.459
864.397	0.460
864.566	0.458
864.736	0.458
864.905	0.460
865.075	0.457
865.244	0.457
865.414	0.456
865.583	0.455
865.753	0.452
865.923	0.455
866.092	0.452
866.262	0.448
866.431	0.453
866.601	0.450
866.770	0.449
866.940	0.444
867.110	0.447
867.279	0.447
867.449	0.449
867.618	0.451
867.788	0.444
867.957	0.446
868.127	0.444
868.297	0.444
868.466	0.446
868.636	0.444
868.805	0.447
868.975	0.443
869.145	0.442
869.314	0.442
869.484	0.447
869.653	0.441
869.823	0.438
869.993	0.440
870.162	0.440
870.332	0.437
870.501	0.437
870.671	0.437
870.841	0.436
871.010	0.433
871.180	0.433
871.349	0.436
871.519	0.435
871.689	0.430
871.858	0.426
872.028	0.425
872.198	0.426
872.367	0.427
872.537	0.425
872.706	0.427
872.876	0.419
873.046	0.417
873.215	0.414
873.385	0.415
873.555	0.413
873.724	0.414
873.894	0.412
874.063	0.413
874.233	0.409
874.403	0.408
874.572	0.408
874.742	0.408
874.912	0.406
875.081	0.406
875.251	0.405
875.421	0.405
875.590	0.404
875.760	0.403
875.929	0.400
876.099	0.400
876.269	0.398
876.438	0.396
876.608	0.392
876.778	0.392
876.947	0.390
877.117	0.388
877.287	0.387
877.456	0.384
877.626	0.384
877.796	0.381
877.965	0.381
878.135	0.379
878.305	0.381
878.474	0.378
878.644	0.376
878.814	0.376
878.983	0.373
879.153	0.373
879.323	0.371
879.492	0.372
879.662	0.369
879.832	0.368
880.001	0.370
880.171	0.368
880.341	0.368
880.510	0.370
880.680	0.368
880.850	0.367
881.019	0.366
881.189	0.362
881.359	0.361
881.528	0.359
881.698	0.359
881.868	0.358
882.037	0.359
882.207	0.357
882.377	0.356
882.547	0.356
882.716	0.353
882.886	0.353
883.056	0.351
883.225	0.352
883.395	0.349
883.565	0.352
883.734	0.348
883.904	0.347
884.074	0.345
884.243	0.346
884.413	0.345
884.583	0.342
884.753	0.342
884.922	0.339
885.092	0.336
885.262	0.335
885.431	0.336
885.601	0.333
885.771	0.332
885.941	0.329
886.110	0.329
886.280	0.326
886.450	0.328
886.619	0.327
886.789	0.324
886.959	0.325
887.129	0.323
887.298	0.325
887.468	0.323
887.638	0.324
887.807	0.322
887.977	0.319
888.147	0.318
888.317	0.317
888.486	0.314
888.656	0.314
888.826	0.312
888.995	0.314
889.165	0.309
889.335	0.307
889.505	0.304
889.674	0.304
889.844	0.299
890.014	0.298
890.184	0.297
890.353	0.294
890.523	0.294
890.693	0.293
890.863	0.290
891.032	0.286
891.202	0.287
891.372	0.286
891.541	0.284
891.711	0.282
891.881	0.281
892.051	0.282
892.220	0.275
892.390	0.275
892.560	0.273
892.730	0.271
892.899	0.269
893.069	0.270
893.239	0.266
893.409	0.266
893.578	0.262
893.748	0.260
893.918	0.260
894.088	0.255
894.257	0.255
894.427	0.252
894.597	0.252
894.767	0.249
894.936	0.245
895.106	0.244
895.276	0.243
895.446	0.242
895.615	0.238
895.785	0.237
895.955	0.235
896.125	0.232
896.295	0.228
896.464	0.226
896.634	0.224
896.804	0.223
896.974	0.221
897.143	0.220
897.313	0.218
897.483	0.214
897.653	0.214
897.822	0.211
897.992	0.208
898.162	0.206
898.332	0.202
898.502	0.200
898.671	0.198
898.841	0.197
899.011	0.194
899.181	0.192
899.350	0.189
899.520	0.188
899.690	0.185
899.860	0.183
900.029	0.178
900.199	0.177
900.369	0.176
900.539	0.173
900.709	0.169
900.878	0.168
901.048	0.165
901.218	0.162
901.388	0.160
901.558	0.157
901.727	0.157
901.897	0.154
902.067	0.150
902.237	0.147
902.406	0.145
902.576	0.144
902.746	0.140
902.916	0.138
903.086	0.136
903.255	0.132
903.425	0.130
903.595	0.129
903.765	0.127
903.935	0.124
904.104	0.122
904.274	0.118
904.444	0.117
904.614	0.117
904.784	0.113
904.953	0.111
905.123	0.109
905.293	0.104
905.463	0.103
905.632	0.099
905.802	0.098
905.972	0.094
906.142	0.094
906.312	0.091
906.481	0.088
906.651	0.087
906.821	0.085
906.991	0.082
907.161	0.080
907.330	0.080
907.500	0.078
907.670	0.075
907.840	0.074
908.010	0.071
908.180	0.069
908.349	0.065
908.519	0.065
908.689	0.063
908.859	0.061
909.029	0.059
909.198	0.057
909.368	0.054
909.538	0.053
909.708	0.052
909.878	0.051
910.047	0.049
910.217	0.046
910.387	0.046
910.557	0.043
910.727	0.041
910.896	0.041
911.066	0.039
911.236	0.037
911.406	0.035
911.576	0.033
911.745	0.032
911.915	0.032
912.085	0.029
912.255	0.028
912.425	0.028
912.595	0.026
912.764	0.025
912.934	0.024
913.104	0.022
913.274	0.022
913.444	0.020
913.613	0.019
913.783	0.017
913.953	0.018
914.123	0.017
914.293	0.015
914.463	0.014
914.632	0.013
914.802	0.012
914.972	0.012
915.142	0.011
915.312	0.011
915.481	0.010
915.651	0.008
915.821	0.008
915.991	0.008
916.161	0.007
916.331	0.006
916.500	0.007
916.670	0.005
916.840	0.006
917.010	0.005
917.180	0.005
917.349	0.004
917.519	0.005
917.689	0.004
917.859	0.004
918.029	0.003
918.199	0.003
918.368	0.004
918.538	0.002
918.708	0.003
918.878	0.002
919.048	0.002
919.218	0.002
919.387	0.003
919.557	0.002
919.727	0.004
919.897	0.003
920.067	0.005
920.237	0.003
920.406	0.004
920.576	0.004
920.746	0.005
920.916	0.005
921.086	0.005
921.255	0.005
921.425	0.007
921.595	0.007
921.765	0.008
921.935	0.008
922.105	0.008
922.274	0.008
922.444	0.009
922.614	0.010
922.784	0.009
922.954	0.009
923.124	0.011
923.293	0.011
923.463	0.011
923.633	0.012
923.803	0.014
923.973	0.015
924.143	0.016
924.312	0.016
924.482	0.017
924.652	0.017
924.822	0.018
924.992	0.019
925.162	0.020
925.331	0.021
925.501	0.021
925.671	0.022
925.841	0.023
926.011	0.026
926.181	0.025
926.350	0.025
926.520	0.026
926.690	0.027
926.860	0.028
927.030	0.028
927.199	0.029
927.369	0.031
927.539	0.030
927.709	0.032
927.879	0.033
928.049	0.033
928.218	0.033
928.388	0.034
928.558	0.036
928.728	0.036
928.898	0.038
929.068	0.040
929.237	0.039
929.407	0.039
929.577	0.041
929.747	0.042
929.917	0.043
930.087	0.045
930.256	0.045
930.426	0.045
930.596	0.046
930.766	0.046
930.936	0.048
931.106	0.047
931.275	0.050
931.445	0.049
931.615	0.050
931.785	0.052
931.955	0.053
932.125	0.053
932.294	0.054
932.464	0.056
932.634	0.054
932.804	0.057
932.974	0.056
933.144	0.058
933.313	0.058
933.483	0.058
933.653	0.058
933.823	0.059
933.993	0.059
934.162	0.059
934.332	0.060
934.502	0.062
934.672	0.061
934.842	0.062
935.012	0.064
935.181	0.063
935.351	0.063
935.521	0.065
935.691	0.064
935.861	0.063
936.031	0.062
936.200	0.063
936.370	0.064
936.540	0.062
936.710	0.062
936.880	0.060
937.050	0.060
937.219	0.060
937.389	0.062
937.559	0.061
937.729	0.061
937.899	0.060
938.068	0.059
938.238	0.059
938.408	0.057
938.578	0.058
938.748	0.057
938.918	0.056
939.087	0.056
939.257	0.054
939.427	0.054
939.597	0.053
939.767	0.053
939.936	0.053
940.106	0.052
940.276	0.051
940.446	0.049
940.616	0.047
940.786	0.050
940.955	0.049
941.125	0.047
941.295	0.047
941.465	0.047
941.635	0.046
941.804	0.046
941.974	0.047
942.144	0.046
942.314	0.044
942.484	0.045
942.654	0.044
942.823	0.044
942.993	0.045
943.163	0.044
943.333	0.044
943.503	0.045
943.672	0.044
943.842	0.042
944.012	0.042
944.182	0.045
944.352	0.042
944.521	0.043
944.691	0.043
944.861	0.042
945.031	0.044
945.201	0.044
945.371	0.044
945.540	0.045
945.710	0.044
945.880	0.046
946.050	0.045
946.220	0.046
946.389	0.045
946.559	0.046
946.729	0.046
946.899	0.047
947.069	0.046
947.238	0.047
947.408	0.048
947.578	0.049
947.748	0.053
947.918	0.050
948.087	0.048
948.257	0.049
948.427	0.050
948.597	0.053
948.767	0.053
948.936	0.053
949.106	0.055
949.276	0.055
949.446	0.055
949.616	0.057
949.785	0.056
949.955	0.057
950.125	0.057
950.295	0.061
950.465	0.061
950.634	0.059
950.804	0.062
950.974	0.062
951.144	0.063
951.314	0.063
951.483	0.064
951.653	0.064
951.823	0.066
951.993	0.065
952.162	0.066
952.332	0.067
952.502	0.068
952.672	0.068
952.842	0.069
953.011	0.071
953.181	0.071
953.351	0.071
953.521	0.073
953.691	0.075
953.860	0.074
954.030	0.075
954.200	0.076
954.370	0.078
954.539	0.077
954.709	0.079
954.879	0.080
955.049	0.083
955.219	0.087
955.388	0.081
955.558	0.082
955.728	0.083
955.898	0.084
956.067	0.086
956.237	0.086
956.407	0.088
956.577	0.088
956.746	0.090
956.916	0.095
957.086	0.091
957.256	0.094
957.426	0.093
957.595	0.094
957.765	0.095
957.935	0.097
958.105	0.098
958.274	0.097
958.444	0.098
958.614	0.099
958.784	0.099
958.953	0.102
959.123	0.102
959.293	0.104
959.463	0.104
959.632	0.107
959.802	0.108
959.972	0.107
960.142	0.108
960.312	0.110
960.481	0.110
960.651	0.112
960.821	0.112
960.991	0.115
961.160	0.113
961.330	0.114
961.500	0.116
961.670	0.116
961.839	0.117
962.009	0.119
962.179	0.122
962.349	0.122
962.518	0.121
962.688	0.122
962.858	0.126
963.027	0.126
963.197	0.126
963.367	0.126
963.537	0.129
963.706	0.129
963.876	0.128
964.046	0.131
964.216	0.134
964.385	0.134
964.555	0.133
964.725	0.135
964.895	0.137
965.064	0.140
965.234	0.139
965.404	0.140
965.574	0.140
965.743	0.142
965.913	0.144
966.083	0.145
966.252	0.146
966.422	0.148
966.592	0.148
966.762	0.149
966.931	0.149
967.101	0.154
967.271	0.153
967.440	0.152
967.610	0.156
967.780	0.153
967.950	0.156
968.119	0.156
968.289	0.156
968.459	0.157
968.628	0.157
968.798	0.160
968.968	0.160
969.138	0.160
969.307	0.161
969.477	0.162
969.647	0.163
969.816	0.163
969.986	0.164
970.156	0.166
970.326	0.167
970.495	0.167
970.665	0.169
970.835	0.169
971.004	0.171
971.174	0.170
971.344	0.168
971.513	0.171
971.683	0.174
971.853	0.174
972.023	0.174
972.192	0.175
972.362	0.176
972.532	0.173
972.701	0.175
972.871	0.177
973.041	0.174
973.210	0.175
973.380	0.173
973.550	0.174
973.719	0.175
973.889	0.173
974.059	0.174
974.228	0.175
974.398	0.176
974.568	0.177
974.737	0.177
974.907	0.178
975.077	0.177
975.246	0.176
975.416	0.177
975.586	0.177
975.755	0.176
975.925	0.178
976.095	0.177
976.264	0.178
976.434	0.177
976.604	0.177
976.773	0.176
976.943	0.175
977.113	0.176
977.282	0.174
977.452	0.175
977.622	0.176
977.791	0.177
977.961	0.177
978.131	0.176
978.300	0.174
978.470	0.175
978.640	0.174
978.809	0.172
978.979	0.172
979.149	0.173
979.318	0.174
979.488	0.171
979.658	0.170
979.827	0.170
979.997	0.170
980.166	0.171
980.336	0.170
980.506	0.170
980.675	0.168
980.845	0.167
981.015	0.167
981.184	0.166
981.354	0.167
981.523	0.164
981.693	0.165
981.863	0.166
982.032	0.163
982.202	0.163
982.372	0.161
982.541	0.160
982.711	0.159
982.880	0.159
983.050	0.159
983.220	0.157
983.389	0.156
983.559	0.157
983.729	0.155
983.898	0.153
984.068	0.152
984.237	0.153
984.407	0.150
984.577	0.149
984.746	0.147
984.916	0.148
985.085	0.146
985.255	0.145
985.425	0.144
985.594	0.145
985.764	0.142
985.933	0.142
986.103	0.143
986.273	0.140
986.442	0.139
986.612	0.137
986.781	0.137
986.951	0.134
987.120	0.133
987.290	0.133
987.460	0.133
987.629	0.131
987.799	0.130
987.968	0.130
988.138	0.128
988.307	0.126
988.477	0.125
988.647	0.125
988.816	0.123
988.986	0.122
989.155	0.123
989.325	0.122
989.494	0.121
989.664	0.118
989.834	0.118
990.003	0.117
990.173	0.116
990.342	0.114
990.512	0.115
990.681	0.114
990.851	0.112
991.020	0.111
991.190	0.110
991.360	0.108
991.529	0.107
991.699	0.106
991.868	0.106
992.038	0.105
992.207	0.105
992.377	0.104
992.546	0.103
992.716	0.102
992.885	0.100
993.055	0.101
993.224	0.099
993.394	0.099
993.564	0.098
993.733	0.096
993.903	0.096
994.072	0.096
994.242	0.096
994.411	0.093
994.581	0.093
994.750	0.092
994.920	0.090
995.089	0.093
995.259	0.091
995.428	0.091
995.598	0.089
995.767	0.091
995.937	0.090
996.106	0.088
996.276	0.088
996.445	0.088
996.615	0.089
996.784	0.087
996.954	0.088
997.123	0.088
997.293	0.087
997.462	0.087
997.632	0.087
997.801	0.088
997.971	0.087
998.140	0.087
998.310	0.085
998.479	0.086
998.649	0.085
998.818	0.086
998.988	0.086
999.157	0.085
999.326	0.085
999.496	0.085
999.665	0.086
999.835	0.086
1000.004	0.086
1000.174	0.084
1000.343	0.085
1000.513	0.085
1000.682	0.088
1000.852	0.085
1001.021	0.086
1001.191	0.085
1001.360	0.085
1001.529	0.086
1001.699	0.086
1001.868	0.087
1002.038	0.086
1002.207	0.088
1002.377	0.086
1002.546	0.086
1002.716	0.087
1002.885	0.087
1003.054	0.087
1003.224	0.089
1003.393	0.097
1003.563	0.089
1003.732	0.090
1003.902	0.090
1004.071	0.091
1004.240	0.090
1004.410	0.090
1004.579	0.089
1004.749	0.092
1004.918	0.092
1005.087	0.091
1005.257	0.093
1005.426	0.093
1005.596	0.092
1005.765	0.094
1005.934	0.093
1006.104	0.096
1006.273	0.096
1006.443	0.095
1006.612	0.095
1006.781	0.094
1006.951	0.094
1007.120	0.095
1007.290	0.097
1007.459	0.097
1007.628	0.099
1007.798	0.098
1007.967	0.099
1008.137	0.098
1008.306	0.100
1008.475	0.100
1008.645	0.101
1008.814	0.101
1008.983	0.102
1009.153	0.102
1009.322	0.103
1009.491	0.102
1009.661	0.102
1009.830	0.102
1010.000	0.102
1010.169	0.104
1010.338	0.106
1010.508	0.105
1010.677	0.105
1010.846	0.105
1011.016	0.106
1011.185	0.106
1011.354	0.107
1011.524	0.107
1011.693	0.108
1011.862	0.108
1012.032	0.110
1012.201	0.110
1012.370	0.109
1012.540	0.111
1012.709	0.112
1012.878	0.110
1013.048	0.110
1013.217	0.112
1013.386	0.114
1013.556	0.112
1013.725	0.112
1013.894	0.113
1014.064	0.112
1014.233	0.113
1014.402	0.116
1014.571	0.114
1014.741	0.115
1014.910	0.114
1015.079	0.116
1015.249	0.113
1015.418	0.115
1015.587	0.115
1015.757	0.114
1015.926	0.117
1016.095	0.117
1016.264	0.117
1016.434	0.117
1016.603	0.118
1016.772	0.119
1016.941	0.117
1017.111	0.118
1017.280	0.119
1017.449	0.119
1017.619	0.119
1017.788	0.119
1017.957	0.119
1018.126	0.121
1018.296	0.120
1018.465	0.119
1018.634	0.121
1018.803	0.122
1018.973	0.122
1019.142	0.122
1019.311	0.120
1019.480	0.123
1019.650	0.123
1019.819	0.123
1019.988	0.121
1020.157	0.121
1020.326	0.121
1020.496	0.122
1020.665	0.123
1020.834	0.122
1021.003	0.123
1021.173	0.123
1021.342	0.123
1021.511	0.122
1021.680	0.123
1021.849	0.124
1022.019	0.124
1022.188	0.124
1022.357	0.123
1022.526	0.123
1022.695	0.125
1022.865	0.124
1023.034	0.124
1023.203	0.124
1023.372	0.123
1023.541	0.123
1023.711	0.123
1023.880	0.123
1024.049	0.123
1024.218	0.124
1024.387	0.123
1024.557	0.124
1024.726	0.124
1024.895	0.125
1025.064	0.124
1025.233	0.123
1025.402	0.123
1025.572	0.123
1025.741	0.124
1025.910	0.123
1026.079	0.124
1026.248	0.123
1026.417	0.125
1026.586	0.122
1026.756	0.123
1026.925	0.123
1027.094	0.121
1027.263	0.122
1027.432	0.121
1027.601	0.121
1027.770	0.121
1027.940	0.122
1028.109	0.121
1028.278	0.122
1028.447	0.121
1028.616	0.122
1028.785	0.121
1028.954	0.120
1029.123	0.120
1029.292	0.120
1029.462	0.121
1029.631	0.121
1029.800	0.119
1029.969	0.118
1030.138	0.117
1030.307	0.118
1030.476	0.120
1030.645	0.117
1030.814	0.118
1030.983	0.118
1031.152	0.117
1031.322	0.116
1031.491	0.117
1031.660	0.118
1031.829	0.115
1031.998	0.117
1032.167	0.116
1032.336	0.115
1032.505	0.115
1032.674	0.114
1032.843	0.115
1033.012	0.116
1033.181	0.114
1033.350	0.114
1033.519	0.113
1033.688	0.112
1033.857	0.114
1034.026	0.113
1034.196	0.114
1034.365	0.112
1034.534	0.110
1034.703	0.111
1034.872	0.111
1035.041	0.111
1035.210	0.111
1035.379	0.111
1035.548	0.109
1035.717	0.109
1035.886	0.109
1036.055	0.110
1036.224	0.108
1036.393	0.107
1036.562	0.107
1036.731	0.108
1036.900	0.106
1037.069	0.106
1037.238	0.106
1037.407	0.105
1037.576	0.103
1037.745	0.104
1037.914	0.104
1038.083	0.102
1038.252	0.102
1038.421	0.103
1038.590	0.100
1038.759	0.101
1038.928	0.101
1039.096	0.101
1039.265	0.101
1039.434	0.100
1039.603	0.100
1039.772	0.097
1039.941	0.098
1040.110	0.098
1040.279	0.097
1040.448	0.097
1040.617	0.096
1040.786	0.095
1040.955	0.096
1041.124	0.095
1041.293	0.095
1041.462	0.094
1041.631	0.093
1041.800	0.092
1041.968	0.091
1042.137	0.090
1042.306	0.091
1042.475	0.089
1042.644	0.089
1042.813	0.089
1042.982	0.088
1043.151	0.088
1043.320	0.087
1043.489	0.087
1043.657	0.085
1043.826	0.085
1043.995	0.084
1044.164	0.084
1044.333	0.083
1044.502	0.083
1044.671	0.082
1044.840	0.081
1045.008	0.082
1045.177	0.079
1045.346	0.080
1045.515	0.080
1045.684	0.079
1045.853	0.079
1046.022	0.079
1046.190	0.077
1046.359	0.077
1046.528	0.075
1046.697	0.076
1046.866	0.074
1047.035	0.075
1047.203	0.073
1047.372	0.072
1047.541	0.073
1047.710	0.071
1047.879	0.072
1048.048	0.071
1048.216	0.069
1048.385	0.069
1048.554	0.068
1048.723	0.068
1048.892	0.066
1049.060	0.066
1049.229	0.067
1049.398	0.064
1049.567	0.066
1049.736	0.065
1049.904	0.064
1050.073	0.061
1050.242	0.063
1050.411	0.061
1050.580	0.060
1050.748	0.061
1050.917	0.060
1051.086	0.059
1051.255	0.058
1051.423	0.057
1051.592	0.057
1051.761	0.057
1051.930	0.056
1052.098	0.055
1052.267	0.054
1052.436	0.053
1052.605	0.054
1052.773	0.053
1052.942	0.051
1053.111	0.049
1053.279	0.050
1053.448	0.049
1053.617	0.049
1053.786	0.048
1053.954	0.048
1054.123	0.047
1054.292	0.047
1054.460	0.046
1054.629	0.046
1054.798	0.045
1054.967	0.044
1055.135	0.044
1055.304	0.043
1055.473	0.044
1055.641	0.042
1055.810	0.041
1055.979	0.041
1056.147	0.041
1056.316	0.040
1056.485	0.040
1056.653	0.039
1056.822	0.038
1056.991	0.038
1057.159	0.036
1057.328	0.036
1057.497	0.036
1057.665	0.034
1057.834	0.033
1058.003	0.034
1058.171	0.034
1058.340	0.033
1058.509	0.032
1058.677	0.031
1058.846	0.031
1059.014	0.029
1059.183	0.031
1059.352	0.029
1059.520	0.030
1059.689	0.030
1059.857	0.027
1060.026	0.027
1060.195	0.027
1060.363	0.026
1060.532	0.025
1060.700	0.025
1060.869	0.025
1061.038	0.025
1061.206	0.024
1061.375	0.024
1061.543	0.024
1061.712	0.021
1061.881	0.022
1062.049	0.023
1062.218	0.023
1062.386	0.020
1062.555	0.021
1062.723	0.020
1062.892	0.020
1063.060	0.019
1063.229	0.019
1063.397	0.020
1063.566	0.019
1063.735	0.018
1063.903	0.018
1064.072	0.017
1064.240	0.018
1064.409	0.017
1064.577	0.016
1064.746	0.016
1064.914	0.017
1065.083	0.020
1065.251	0.015
1065.420	0.015
1065.588	0.016
1065.757	0.016
1065.925	0.014
1066.094	0.013
1066.262	0.014
1066.431	0.014
1066.599	0.015
1066.768	0.014
1066.936	0.014
1067.105	0.012
1067.273	0.013
1067.442	0.013
1067.610	0.014
1067.778	0.013
1067.947	0.013
1068.115	0.012
1068.284	0.013
1068.452	0.012
1068.621	0.014
1068.789	0.013
1068.958	0.012
1069.126	0.012
1069.294	0.012
1069.463	0.012
1069.631	0.013
1069.800	0.012
1069.968	0.013
1070.136	0.011
1070.305	0.012
1070.473	0.011
1070.642	0.011
1070.810	0.012
1070.978	0.013
1071.147	0.012
1071.315	0.013
1071.484	0.013
1071.652	0.012
1071.820	0.013
1071.989	0.013
1072.157	0.012
1072.325	0.012
1072.494	0.013
1072.662	0.012
1072.831	0.012
1072.999	0.013
1073.167	0.013
1073.336	0.014
1073.504	0.015
1073.672	0.015
1073.841	0.015
1074.009	0.014
1074.177	0.014
1074.346	0.016
1074.514	0.014
1074.682	0.014
1074.851	0.015
1075.019	0.015
1075.187	0.016
1075.355	0.015
1075.524	0.017
1075.692	0.017
1075.860	0.018
1076.029	0.017
1076.197	0.017
1076.365	0.018
1076.533	0.017
1076.702	0.018
1076.870	0.018
1077.038	0.019
1077.207	0.018
1077.375	0.019
1077.543	0.020
1077.711	0.020
1077.880	0.019
1078.048	0.019
1078.216	0.021
1078.384	0.022
1078.553	0.020
1078.721	0.023
1078.889	0.023
1079.057	0.023
1079.225	0.024
1079.394	0.028
1079.562	0.024
1079.730	0.023
1079.898	0.025
1080.066	0.025
1080.235	0.026
1080.403	0.025
1080.571	0.026
1080.739	0.025
1080.907	0.026
1081.076	0.027
1081.244	0.028
1081.412	0.028
1081.580	0.029
1081.748	0.028
1081.916	0.029
1082.085	0.031
1082.253	0.030
1082.421	0.029
1082.589	0.031
1082.757	0.031
1082.925	0.031
1083.094	0.032
1083.262	0.032
1083.430	0.032
1083.598	0.032
1083.766	0.033
1083.934	0.034
1084.102	0.033
1084.270	0.034
1084.438	0.034
1084.607	0.035
1084.775	0.035
1084.943	0.034
1085.111	0.037
1085.279	0.037
1085.447	0.036
1085.615	0.037
1085.783	0.036
1085.951	0.037
1086.119	0.037
1086.287	0.037
1086.455	0.037
1086.624	0.039
1086.792	0.039
1086.960	0.037
1087.128	0.038
1087.296	0.039
1087.464	0.040
1087.632	0.040
1087.800	0.041
1087.968	0.041
1088.136	0.040
1088.304	0.041
1088.472	0.041
1088.640	0.044
1088.808	0.042
1088.976	0.043
1089.144	0.044
1089.312	0.043
1089.480	0.044
1089.648	0.044
1089.816	0.044
1089.984	0.044
1090.152	0.044
1090.320	0.045
1090.488	0.045
1090.656	0.046
1090.824	0.046
1090.992	0.047
1091.160	0.047
1091.328	0.046
1091.496	0.046
1091.664	0.047
1091.832	0.048
1091.999	0.047
1092.167	0.047
1092.335	0.050
1092.503	0.050
1092.671	0.049
1092.839	0.049
1093.007	0.050
1093.175	0.050
1093.343	0.049
1093.511	0.051
1093.679	0.052
1093.846	0.048
1094.014	0.025
1094.182	-0.002
1094.350	-0.002
1094.518	-0.003
1094.686	-0.003
